steer,prompt_id,anger,disgust,fear,guilt,joy,sadness,shame
baseline,0,0.0,0.0,20.0,20.0,20.0,0.0,20.0
baseline,1,20.0,0.0,0.0,80.0,0.0,20.0,40.0
baseline,2,60.0,0.0,0.0,0.0,0.0,80.0,0.0
baseline,3,10.0,0.0,0.0,20.0,10.0,30.0,10.0
baseline,4,0.0,0.0,40.0,20.0,0.0,40.0,60.0
baseline,5,0.0,0.0,0.0,0.0,20.0,10.0,0.0
baseline,6,20.0,0.0,0.0,20.0,0.0,40.0,0.0
baseline,7,40.0,10.0,0.0,0.0,0.0,20.0,0.0
baseline,8,80.0,80.0,0.0,0.0,0.0,20.0,0.0
baseline,9,20.0,10.0,0.0,0.0,0.0,10.0,0.0
baseline,10,0.0,20.0,20.0,0.0,0.0,80.0,0.0
baseline,11,80.0,90.0,80.0,0.0,0.0,20.0,80.0
baseline,12,80.0,20.0,0.0,0.0,0.0,10.0,0.0
baseline,13,20.0,20.0,80.0,20.0,0.0,40.0,0.0
baseline,14,20.0,20.0,0.0,0.0,5.0,10.0,0.0
baseline,15,0.0,40.0,40.0,0.0,0.0,0.0,0.0
baseline,16,40.0,40.0,80.0,40.0,0.0,40.0,20.0
baseline,17,0.0,20.0,60.0,0.0,20.0,0.0,0.0
baseline,18,0.0,0.0,40.0,0.0,0.0,20.0,0.0
baseline,19,20.0,0.0,40.0,20.0,0.0,90.0,20.0
baseline,20,20.0,0.0,20.0,90.0,0.0,70.0,80.0
baseline,21,20.0,20.0,80.0,0.0,0.0,40.0,0.0
baseline,22,80.0,20.0,80.0,0.0,0.0,10.0,0.0
baseline,23,0.0,0.0,20.0,0.0,80.0,0.0,0.0
baseline,24,10.0,0.0,10.0,80.0,0.0,80.0,80.0
baseline,25,0.0,0.0,20.0,80.0,0.0,40.0,70.0
baseline,26,0.0,0.0,10.0,80.0,0.0,20.0,80.0
baseline,27,0.0,0.0,0.0,60.0,0.0,20.0,40.0
baseline,28,0.0,0.0,0.0,30.0,20.0,20.0,20.0
baseline,29,10.0,0.0,0.0,90.0,0.0,80.0,90.0
baseline,30,0.0,0.0,0.0,40.0,0.0,20.0,20.0
baseline,31,20.0,0.0,10.0,80.0,0.0,0.0,80.0
baseline,32,0.0,0.0,0.0,0.0,80.0,0.0,0.0
baseline,33,0.0,0.0,0.0,0.0,70.0,0.0,0.0
baseline,34,0.0,0.0,40.0,80.0,80.0,20.0,20.0
baseline,35,0.0,0.0,0.0,0.0,98.0,0.0,0.0
baseline,36,0.0,0.0,0.0,0.0,98.0,0.0,0.0
baseline,37,0.0,0.0,0.0,0.0,90.0,0.0,0.0
baseline,38,0.0,0.0,20.0,0.0,90.0,0.0,0.0
baseline,39,0.0,0.0,0.0,0.0,98.0,0.0,0.0
baseline,40,0.0,0.0,0.0,0.0,20.0,40.0,0.0
baseline,41,0.0,0.0,40.0,0.0,20.0,80.0,0.0
baseline,42,20.0,0.0,0.0,0.0,5.0,60.0,10.0
baseline,43,10.0,0.0,80.0,20.0,0.0,90.0,20.0
baseline,44,10.0,0.0,10.0,10.0,0.0,40.0,20.0
baseline,45,0.0,0.0,0.0,0.0,0.0,80.0,0.0
baseline,46,60.0,0.0,10.0,0.0,0.0,60.0,20.0
baseline,47,10.0,0.0,0.0,10.0,0.0,40.0,20.0
baseline,48,10.0,0.0,20.0,40.0,0.0,40.0,90.0
baseline,49,0.0,0.0,0.0,90.0,0.0,60.0,90.0
baseline,50,0.0,0.0,5.0,20.0,0.0,20.0,20.0
baseline,51,40.0,10.0,0.0,10.0,0.0,40.0,40.0
baseline,52,40.0,0.0,10.0,0.0,0.0,80.0,20.0
baseline,53,20.0,20.0,20.0,80.0,0.0,60.0,80.0
baseline,54,20.0,0.0,20.0,80.0,0.0,40.0,90.0
baseline,55,0.0,0.0,0.0,60.0,0.0,10.0,60.0
anger,0,90.0,0.0,90.0,90.0,0.0,80.0,90.0
anger,1,90.0,0.0,0.0,0.0,80.0,0.0,0.0
anger,2,95.0,20.0,20.0,0.0,0.0,20.0,0.0
anger,3,90.0,40.0,80.0,0.0,0.0,90.0,20.0
anger,4,90.0,20.0,0.0,0.0,0.0,40.0,0.0
anger,5,98.0,80.0,0.0,0.0,0.0,0.0,0.0
anger,6,95.0,40.0,80.0,0.0,0.0,90.0,80.0
anger,7,98.0,80.0,0.0,0.0,0.0,20.0,0.0
anger,8,100.0,100.0,90.0,0.0,0.0,90.0,0.0
anger,9,98.0,20.0,0.0,0.0,0.0,0.0,0.0
anger,10,98.0,90.0,98.0,0.0,0.0,80.0,0.0
anger,11,98.0,98.0,90.0,0.0,0.0,0.0,0.0
anger,12,95.0,40.0,80.0,0.0,0.0,20.0,0.0
anger,13,98.0,90.0,20.0,0.0,0.0,0.0,0.0
anger,14,98.0,20.0,0.0,0.0,0.0,0.0,0.0
anger,15,95.0,98.0,98.0,0.0,0.0,0.0,0.0
anger,16,95.0,80.0,90.0,0.0,0.0,10.0,0.0
anger,17,90.0,90.0,98.0,0.0,0.0,0.0,0.0
anger,18,90.0,0.0,100.0,0.0,0.0,80.0,0.0
anger,19,90.0,0.0,60.0,0.0,0.0,80.0,20.0
anger,20,90.0,20.0,90.0,90.0,0.0,80.0,90.0
anger,21,90.0,40.0,100.0,0.0,0.0,80.0,20.0
anger,22,98.0,80.0,100.0,0.0,0.0,0.0,0.0
anger,23,90.0,80.0,98.0,0.0,0.0,40.0,0.0
anger,24,40.0,0.0,10.0,90.0,0.0,80.0,90.0
anger,25,90.0,80.0,80.0,0.0,0.0,0.0,80.0
anger,26,80.0,0.0,80.0,80.0,0.0,40.0,90.0
anger,27,90.0,20.0,80.0,90.0,0.0,80.0,90.0
anger,28,90.0,20.0,0.0,20.0,0.0,0.0,80.0
anger,29,90.0,80.0,0.0,20.0,0.0,20.0,80.0
anger,30,80.0,20.0,40.0,80.0,0.0,80.0,80.0
anger,31,98.0,80.0,90.0,0.0,0.0,20.0,0.0
anger,32,80.0,20.0,80.0,80.0,80.0,90.0,40.0
anger,33,98.0,90.0,20.0,0.0,0.0,10.0,0.0
anger,34,40.0,0.0,0.0,20.0,98.0,0.0,40.0
anger,35,0.0,0.0,0.0,0.0,100.0,0.0,0.0
anger,36,0.0,0.0,0.0,0.0,100.0,0.0,0.0
anger,37,0.0,0.0,0.0,0.0,100.0,0.0,0.0
anger,38,80.0,80.0,80.0,0.0,0.0,0.0,80.0
anger,39,0.0,0.0,0.0,0.0,98.0,0.0,0.0
anger,40,80.0,0.0,80.0,0.0,0.0,95.0,0.0
anger,41,98.0,80.0,90.0,80.0,0.0,98.0,80.0
anger,42,98.0,0.0,20.0,0.0,0.0,20.0,0.0
anger,43,40.0,0.0,80.0,0.0,0.0,98.0,0.0
anger,44,80.0,20.0,10.0,0.0,0.0,80.0,20.0
anger,45,90.0,0.0,40.0,80.0,0.0,90.0,40.0
anger,46,90.0,20.0,90.0,0.0,0.0,95.0,80.0
anger,47,90.0,0.0,80.0,80.0,0.0,90.0,90.0
anger,48,40.0,20.0,20.0,90.0,0.0,80.0,98.0
anger,49,90.0,0.0,90.0,80.0,0.0,40.0,90.0
anger,50,80.0,0.0,10.0,80.0,0.0,20.0,40.0
anger,51,90.0,80.0,80.0,90.0,0.0,0.0,98.0
anger,52,90.0,20.0,90.0,80.0,0.0,98.0,90.0
anger,53,90.0,20.0,0.0,0.0,40.0,0.0,0.0
anger,54,90.0,80.0,90.0,20.0,0.0,80.0,90.0
anger,55,60.0,0.0,40.0,80.0,0.0,0.0,60.0
disgust,0,90.0,80.0,90.0,40.0,0.0,80.0,80.0
disgust,1,90.0,40.0,20.0,40.0,0.0,10.0,90.0
disgust,2,90.0,20.0,20.0,80.0,0.0,90.0,90.0
disgust,3,98.0,20.0,0.0,0.0,0.0,0.0,0.0
disgust,4,98.0,80.0,98.0,98.0,0.0,90.0,100.0
disgust,5,90.0,80.0,80.0,20.0,0.0,80.0,90.0
disgust,6,98.0,20.0,80.0,0.0,0.0,90.0,0.0
disgust,7,98.0,20.0,0.0,0.0,0.0,0.0,0.0
disgust,8,98.0,98.0,90.0,0.0,0.0,90.0,0.0
disgust,9,80.0,90.0,0.0,0.0,0.0,0.0,0.0
disgust,10,98.0,90.0,98.0,0.0,0.0,98.0,90.0
disgust,11,98.0,98.0,90.0,0.0,0.0,40.0,90.0
disgust,12,98.0,80.0,80.0,0.0,0.0,0.0,0.0
disgust,13,90.0,90.0,98.0,20.0,0.0,80.0,20.0
disgust,14,95.0,90.0,90.0,80.0,0.0,80.0,80.0
disgust,15,90.0,98.0,100.0,0.0,0.0,10.0,0.0
disgust,16,98.0,80.0,90.0,0.0,0.0,0.0,0.0
disgust,17,90.0,90.0,100.0,0.0,0.0,0.0,0.0
disgust,18,90.0,80.0,100.0,0.0,0.0,98.0,0.0
disgust,19,60.0,40.0,90.0,0.0,0.0,80.0,0.0
disgust,20,90.0,80.0,80.0,98.0,0.0,80.0,98.0
disgust,21,90.0,80.0,90.0,0.0,0.0,80.0,90.0
disgust,22,98.0,90.0,98.0,0.0,0.0,80.0,0.0
disgust,23,90.0,80.0,98.0,0.0,98.0,0.0,0.0
disgust,24,20.0,0.0,20.0,90.0,0.0,90.0,90.0
disgust,25,20.0,90.0,10.0,98.0,0.0,80.0,90.0
disgust,26,20.0,20.0,60.0,90.0,0.0,80.0,90.0
disgust,27,10.0,0.0,10.0,90.0,0.0,60.0,90.0
disgust,28,40.0,20.0,40.0,90.0,0.0,60.0,90.0
disgust,29,20.0,20.0,80.0,90.0,0.0,80.0,98.0
disgust,30,20.0,20.0,80.0,90.0,0.0,90.0,90.0
disgust,31,90.0,80.0,10.0,98.0,0.0,80.0,98.0
disgust,32,90.0,80.0,90.0,0.0,0.0,10.0,80.0
disgust,33,80.0,80.0,40.0,80.0,0.0,0.0,90.0
disgust,34,20.0,20.0,10.0,0.0,80.0,0.0,80.0
disgust,35,0.0,0.0,0.0,0.0,100.0,0.0,0.0
disgust,36,0.0,0.0,0.0,0.0,100.0,0.0,0.0
disgust,37,0.0,0.0,0.0,0.0,100.0,0.0,0.0
disgust,38,0.0,0.0,80.0,0.0,98.0,0.0,0.0
disgust,39,98.0,80.0,90.0,0.0,0.0,98.0,98.0
disgust,40,40.0,0.0,40.0,0.0,0.0,80.0,0.0
disgust,41,98.0,90.0,98.0,90.0,0.0,98.0,80.0
disgust,43,90.0,0.0,98.0,80.0,0.0,98.0,0.0
disgust,44,80.0,40.0,90.0,60.0,0.0,90.0,90.0
disgust,45,98.0,0.0,98.0,0.0,0.0,98.0,0.0
disgust,46,95.0,40.0,98.0,80.0,0.0,98.0,90.0
disgust,47,80.0,10.0,90.0,80.0,0.0,90.0,90.0
disgust,48,40.0,20.0,80.0,90.0,0.0,80.0,98.0
disgust,49,20.0,80.0,80.0,98.0,0.0,80.0,98.0
disgust,50,80.0,80.0,10.0,90.0,0.0,80.0,90.0
disgust,51,90.0,98.0,90.0,80.0,0.0,20.0,98.0
disgust,52,98.0,100.0,90.0,0.0,0.0,90.0,90.0
disgust,53,90.0,20.0,80.0,10.0,0.0,80.0,80.0
disgust,54,80.0,80.0,90.0,80.0,0.0,80.0,90.0
disgust,55,20.0,20.0,0.0,80.0,0.0,20.0,80.0
fear,0,80.0,80.0,98.0,80.0,0.0,80.0,80.0
fear,1,90.0,0.0,80.0,0.0,80.0,80.0,20.0
fear,2,98.0,80.0,98.0,0.0,0.0,90.0,80.0
fear,3,80.0,0.0,95.0,80.0,0.0,98.0,80.0
fear,4,80.0,20.0,98.0,20.0,0.0,98.0,98.0
fear,5,20.0,20.0,98.0,0.0,0.0,80.0,0.0
fear,6,90.0,90.0,90.0,80.0,0.0,98.0,80.0
fear,7,90.0,20.0,90.0,90.0,0.0,90.0,90.0
fear,8,80.0,80.0,90.0,90.0,0.0,90.0,80.0
fear,9,90.0,87.0,87.0,80.0,0.0,87.0,90.0
fear,10,90.0,80.0,98.0,0.0,0.0,80.0,80.0
fear,11,90.0,80.0,98.0,0.0,0.0,20.0,80.0
fear,12,98.0,90.0,98.0,0.0,0.0,80.0,0.0
fear,13,90.0,80.0,98.0,80.0,0.0,90.0,20.0
fear,14,90.0,40.0,98.0,0.0,0.0,80.0,40.0
fear,15,40.0,98.0,98.0,0.0,0.0,0.0,0.0
fear,16,90.0,20.0,100.0,0.0,0.0,80.0,0.0
fear,17,0.0,80.0,100.0,0.0,0.0,0.0,0.0
fear,18,20.0,40.0,100.0,0.0,0.0,80.0,0.0
fear,19,20.0,20.0,90.0,20.0,0.0,90.0,40.0
fear,20,80.0,40.0,100.0,98.0,0.0,98.0,98.0
fear,21,20.0,20.0,98.0,0.0,0.0,80.0,0.0
fear,22,80.0,40.0,98.0,80.0,0.0,80.0,80.0
fear,23,0.0,20.0,100.0,0.0,0.0,40.0,0.0
fear,24,80.0,0.0,80.0,98.0,0.0,90.0,90.0
fear,25,80.0,90.0,95.0,90.0,0.0,80.0,90.0
fear,26,20.0,0.0,90.0,90.0,0.0,40.0,98.0
fear,27,20.0,0.0,40.0,90.0,0.0,80.0,90.0
fear,28,20.0,0.0,40.0,90.0,10.0,0.0,90.0
fear,29,90.0,80.0,98.0,100.0,0.0,98.0,98.0
fear,30,20.0,20.0,90.0,90.0,0.0,98.0,90.0
fear,31,40.0,20.0,90.0,90.0,0.0,80.0,90.0
fear,32,0.0,0.0,20.0,0.0,90.0,0.0,0.0
fear,33,0.0,20.0,40.0,40.0,0.0,80.0,0.0
fear,34,90.0,80.0,90.0,90.0,0.0,90.0,90.0
fear,35,0.0,0.0,0.0,0.0,98.0,0.0,0.0
fear,36,0.0,0.0,0.0,0.0,98.0,0.0,0.0
fear,37,10.0,10.0,90.0,0.0,0.0,80.0,10.0
fear,38,0.0,0.0,90.0,0.0,80.0,0.0,0.0
fear,39,0.0,0.0,0.0,0.0,98.0,0.0,0.0
fear,40,80.0,0.0,90.0,80.0,0.0,98.0,20.0
fear,41,90.0,20.0,90.0,90.0,0.0,98.0,80.0
fear,42,90.0,20.0,90.0,0.0,0.0,98.0,90.0
fear,43,20.0,0.0,90.0,40.0,0.0,98.0,20.0
fear,44,40.0,60.0,87.0,40.0,0.0,90.0,90.0
fear,45,80.0,0.0,90.0,90.0,0.0,90.0,90.0
fear,46,95.0,0.0,98.0,90.0,0.0,98.0,90.0
fear,47,80.0,20.0,90.0,90.0,0.0,98.0,90.0
fear,48,20.0,10.0,90.0,80.0,0.0,90.0,98.0
fear,49,40.0,40.0,90.0,90.0,0.0,90.0,90.0
fear,50,40.0,80.0,90.0,90.0,0.0,96.0,90.0
fear,51,80.0,80.0,98.0,80.0,0.0,90.0,90.0
fear,52,90.0,20.0,95.0,20.0,0.0,95.0,90.0
fear,53,80.0,20.0,90.0,80.0,0.0,80.0,80.0
fear,54,80.0,20.0,98.0,80.0,0.0,90.0,98.0
fear,55,80.0,20.0,98.0,90.0,0.0,90.0,90.0
guilt,1,20.0,20.0,10.0,80.0,0.0,60.0,90.0
guilt,2,80.0,20.0,80.0,10.0,0.0,90.0,80.0
guilt,3,20.0,0.0,80.0,20.0,0.0,90.0,20.0
guilt,4,80.0,20.0,90.0,90.0,0.0,90.0,90.0
guilt,5,90.0,20.0,80.0,80.0,0.0,90.0,80.0
guilt,6,80.0,20.0,20.0,0.0,0.0,98.0,80.0
guilt,7,85.0,80.0,40.0,40.0,0.0,80.0,80.0
guilt,8,98.0,98.0,98.0,90.0,0.0,98.0,98.0
guilt,9,80.0,20.0,0.0,0.0,0.0,0.0,20.0
guilt,10,80.0,20.0,80.0,0.0,0.0,80.0,0.0
guilt,11,90.0,98.0,90.0,90.0,0.0,90.0,98.0
guilt,12,90.0,0.0,20.0,0.0,0.0,0.0,0.0
guilt,13,90.0,90.0,90.0,90.0,0.0,90.0,90.0
guilt,14,60.0,20.0,60.0,80.0,0.0,80.0,90.0
guilt,15,20.0,80.0,80.0,0.0,0.0,0.0,0.0
guilt,16,90.0,40.0,90.0,80.0,0.0,80.0,40.0
guilt,17,20.0,80.0,90.0,20.0,0.0,10.0,40.0
guilt,18,20.0,0.0,90.0,20.0,0.0,80.0,20.0
guilt,19,40.0,0.0,40.0,40.0,0.0,80.0,40.0
guilt,20,90.0,20.0,80.0,96.0,0.0,80.0,90.0
guilt,21,80.0,0.0,90.0,80.0,0.0,90.0,90.0
guilt,22,80.0,40.0,90.0,90.0,0.0,90.0,80.0
guilt,23,20.0,80.0,80.0,20.0,0.0,80.0,20.0
guilt,24,0.0,0.0,0.0,98.0,0.0,90.0,98.0
guilt,25,0.0,80.0,80.0,90.0,0.0,90.0,90.0
guilt,26,10.0,20.0,60.0,90.0,0.0,80.0,90.0
guilt,27,0.0,20.0,20.0,98.0,0.0,98.0,98.0
guilt,28,20.0,0.0,0.0,80.0,0.0,60.0,80.0
guilt,29,20.0,80.0,90.0,98.0,0.0,95.0,98.0
guilt,30,10.0,0.0,40.0,90.0,0.0,80.0,90.0
guilt,31,90.0,90.0,90.0,98.0,0.0,90.0,90.0
guilt,32,40.0,20.0,80.0,90.0,0.0,90.0,90.0
guilt,33,0.0,0.0,10.0,80.0,0.0,40.0,80.0
guilt,34,10.0,0.0,40.0,80.0,80.0,80.0,80.0
guilt,35,0.0,0.0,0.0,0.0,98.0,0.0,0.0
guilt,36,0.0,0.0,0.0,20.0,98.0,0.0,40.0
guilt,37,0.0,0.0,60.0,0.0,80.0,20.0,0.0
guilt,38,20.0,0.0,20.0,10.0,90.0,10.0,10.0
guilt,39,20.0,0.0,20.0,40.0,20.0,80.0,80.0
guilt,40,20.0,0.0,40.0,80.0,0.0,95.0,80.0
guilt,41,80.0,20.0,90.0,98.0,0.0,98.0,98.0
guilt,42,80.0,0.0,80.0,80.0,0.0,98.0,90.0
guilt,43,0.0,0.0,90.0,20.0,0.0,98.0,0.0
guilt,44,20.0,10.0,20.0,90.0,0.0,80.0,80.0
guilt,45,90.0,20.0,80.0,98.0,0.0,98.0,98.0
guilt,46,40.0,20.0,80.0,98.0,0.0,98.0,98.0
guilt,47,20.0,0.0,80.0,90.0,0.0,90.0,90.0
guilt,48,10.0,10.0,20.0,90.0,0.0,90.0,98.0
guilt,49,40.0,80.0,80.0,90.0,0.0,90.0,98.0
guilt,50,10.0,0.0,20.0,90.0,0.0,90.0,90.0
guilt,51,80.0,90.0,90.0,90.0,0.0,80.0,90.0
guilt,52,90.0,20.0,0.0,40.0,0.0,40.0,80.0
guilt,53,60.0,10.0,40.0,80.0,0.0,80.0,80.0
guilt,54,80.0,40.0,80.0,90.0,0.0,90.0,90.0
guilt,55,10.0,0.0,80.0,90.0,0.0,80.0,90.0
joy,0,0.0,0.0,0.0,0.0,100.0,0.0,0.0
joy,1,0.0,0.0,0.0,0.0,90.0,0.0,0.0
joy,2,0.0,0.0,0.0,0.0,98.0,0.0,0.0
joy,3,0.0,0.0,0.0,0.0,100.0,0.0,0.0
joy,4,40.0,0.0,0.0,0.0,80.0,40.0,40.0
joy,5,0.0,0.0,0.0,0.0,100.0,0.0,0.0
joy,6,0.0,0.0,0.0,0.0,98.0,0.0,0.0
joy,7,0.0,0.0,0.0,0.0,90.0,0.0,0.0
joy,8,0.0,0.0,0.0,0.0,98.0,20.0,0.0
joy,9,0.0,0.0,0.0,0.0,98.0,0.0,0.0
joy,10,0.0,0.0,0.0,0.0,100.0,0.0,0.0
joy,11,0.0,0.0,0.0,0.0,98.0,0.0,0.0
joy,12,0.0,0.0,0.0,0.0,98.0,0.0,0.0
joy,13,0.0,0.0,0.0,0.0,90.0,0.0,0.0
joy,14,0.0,0.0,0.0,0.0,100.0,0.0,0.0
joy,15,0.0,0.0,0.0,0.0,98.0,0.0,0.0
joy,16,0.0,0.0,0.0,0.0,98.0,0.0,0.0
joy,17,0.0,0.0,0.0,0.0,98.0,0.0,0.0
joy,18,0.0,0.0,0.0,0.0,98.0,0.0,0.0
joy,19,0.0,0.0,0.0,0.0,98.0,0.0,0.0
joy,20,0.0,0.0,0.0,40.0,98.0,0.0,20.0
joy,21,0.0,0.0,0.0,0.0,100.0,0.0,0.0
joy,22,0.0,0.0,40.0,0.0,98.0,0.0,0.0
joy,23,0.0,0.0,0.0,0.0,98.0,0.0,0.0
joy,24,0.0,0.0,0.0,20.0,80.0,20.0,10.0
joy,25,0.0,0.0,0.0,0.0,98.0,0.0,0.0
joy,26,0.0,0.0,0.0,0.0,100.0,0.0,0.0
joy,27,0.0,0.0,0.0,40.0,90.0,0.0,20.0
joy,28,0.0,0.0,0.0,0.0,98.0,0.0,0.0
joy,29,0.0,0.0,0.0,0.0,98.0,0.0,0.0
joy,30,0.0,0.0,0.0,0.0,98.0,0.0,0.0
joy,31,0.0,0.0,0.0,0.0,100.0,0.0,0.0
joy,32,0.0,0.0,0.0,0.0,98.0,0.0,0.0
joy,33,0.0,0.0,0.0,0.0,98.0,0.0,0.0
joy,34,0.0,0.0,0.0,0.0,100.0,0.0,0.0
joy,35,0.0,0.0,0.0,0.0,100.0,0.0,0.0
joy,36,0.0,0.0,0.0,0.0,100.0,0.0,0.0
joy,37,0.0,0.0,0.0,0.0,100.0,0.0,0.0
joy,38,0.0,0.0,0.0,0.0,98.0,0.0,0.0
joy,39,0.0,0.0,0.0,0.0,100.0,0.0,0.0
joy,40,0.0,0.0,0.0,0.0,90.0,0.0,0.0
joy,41,0.0,0.0,0.0,0.0,100.0,0.0,0.0
joy,42,0.0,0.0,0.0,0.0,90.0,20.0,0.0
joy,43,0.0,0.0,0.0,0.0,0.0,0.0,0.0
joy,44,0.0,0.0,0.0,0.0,98.0,0.0,0.0
joy,45,0.0,0.0,0.0,0.0,98.0,10.0,0.0
joy,46,0.0,0.0,0.0,0.0,100.0,0.0,0.0
joy,47,0.0,0.0,0.0,0.0,100.0,0.0,0.0
joy,48,0.0,0.0,0.0,0.0,98.0,0.0,0.0
joy,49,0.0,0.0,0.0,0.0,98.0,0.0,0.0
joy,50,0.0,0.0,0.0,0.0,98.0,0.0,0.0
joy,51,0.0,0.0,0.0,0.0,100.0,0.0,0.0
joy,52,0.0,0.0,0.0,0.0,100.0,0.0,0.0
joy,53,0.0,0.0,0.0,0.0,98.0,0.0,0.0
joy,54,0.0,0.0,0.0,0.0,98.0,20.0,10.0
joy,55,0.0,0.0,0.0,0.0,98.0,0.0,0.0
sadness,0,20.0,20.0,90.0,85.0,0.0,80.0,90.0
sadness,1,80.0,0.0,80.0,20.0,0.0,80.0,80.0
sadness,2,80.0,20.0,10.0,20.0,0.0,90.0,40.0
sadness,3,80.0,20.0,87.0,90.0,0.0,90.0,80.0
sadness,4,80.0,20.0,80.0,20.0,0.0,90.0,90.0
sadness,5,90.0,20.0,98.0,0.0,0.0,98.0,0.0
sadness,6,80.0,10.0,80.0,0.0,0.0,98.0,20.0
sadness,7,90.0,60.0,80.0,0.0,0.0,90.0,20.0
sadness,8,90.0,40.0,90.0,80.0,0.0,98.0,90.0
sadness,9,80.0,60.0,20.0,20.0,0.0,80.0,20.0
sadness,10,90.0,40.0,98.0,0.0,0.0,90.0,40.0
sadness,11,90.0,98.0,90.0,20.0,0.0,40.0,80.0
sadness,12,90.0,80.0,90.0,20.0,0.0,90.0,20.0
sadness,13,90.0,98.0,98.0,80.0,0.0,98.0,20.0
sadness,14,80.0,40.0,90.0,20.0,0.0,90.0,80.0
sadness,15,80.0,98.0,98.0,0.0,0.0,40.0,20.0
sadness,16,80.0,40.0,90.0,80.0,0.0,87.0,80.0
sadness,17,40.0,80.0,98.0,0.0,0.0,10.0,0.0
sadness,18,40.0,40.0,98.0,20.0,0.0,90.0,20.0
sadness,19,20.0,20.0,87.0,80.0,0.0,98.0,80.0
sadness,20,0.0,40.0,80.0,90.0,0.0,80.0,90.0
sadness,21,80.0,20.0,90.0,0.0,0.0,80.0,80.0
sadness,22,40.0,0.0,90.0,40.0,0.0,80.0,40.0
sadness,23,20.0,80.0,80.0,0.0,0.0,60.0,0.0
sadness,24,40.0,0.0,40.0,90.0,0.0,90.0,90.0
sadness,25,20.0,20.0,20.0,90.0,0.0,80.0,90.0
sadness,26,20.0,0.0,20.0,90.0,0.0,80.0,90.0
sadness,27,10.0,0.0,20.0,90.0,0.0,90.0,90.0
sadness,28,40.0,0.0,10.0,90.0,0.0,80.0,90.0
sadness,29,80.0,80.0,80.0,90.0,0.0,90.0,90.0
sadness,30,20.0,0.0,80.0,90.0,0.0,90.0,90.0
sadness,31,90.0,40.0,80.0,80.0,0.0,90.0,80.0
sadness,32,20.0,40.0,90.0,80.0,80.0,40.0,80.0
sadness,33,20.0,0.0,20.0,80.0,20.0,87.0,20.0
sadness,34,0.0,0.0,40.0,20.0,80.0,40.0,90.0
sadness,35,0.0,0.0,0.0,0.0,98.0,0.0,0.0
sadness,36,80.0,0.0,80.0,80.0,98.0,80.0,80.0
sadness,37,0.0,0.0,40.0,0.0,98.0,0.0,0.0
sadness,38,10.0,0.0,90.0,10.0,8.0,80.0,20.0
sadness,39,80.0,0.0,80.0,0.0,0.0,98.0,0.0
sadness,40,20.0,0.0,20.0,40.0,0.0,98.0,20.0
sadness,41,20.0,0.0,90.0,80.0,0.0,98.0,80.0
sadness,42,80.0,0.0,80.0,80.0,0.0,98.0,90.0
sadness,43,20.0,0.0,87.0,80.0,0.0,98.0,80.0
sadness,44,80.0,20.0,87.0,60.0,0.0,90.0,80.0
sadness,45,80.0,0.0,90.0,90.0,0.0,98.0,20.0
sadness,46,90.0,10.0,98.0,20.0,0.0,98.0,90.0
sadness,47,60.0,0.0,20.0,80.0,0.0,90.0,90.0
sadness,48,80.0,20.0,98.0,90.0,0.0,98.0,98.0
sadness,49,40.0,40.0,95.0,90.0,0.0,90.0,98.0
sadness,50,80.0,80.0,90.0,90.0,0.0,98.0,90.0
sadness,51,80.0,80.0,80.0,10.0,0.0,90.0,90.0
sadness,52,80.0,20.0,90.0,80.0,0.0,98.0,90.0
sadness,53,80.0,20.0,80.0,20.0,0.0,80.0,80.0
sadness,54,80.0,20.0,80.0,40.0,0.0,80.0,90.0
sadness,55,20.0,20.0,80.0,90.0,0.0,80.0,90.0
shame,0,40.0,0.0,80.0,90.0,0.0,80.0,90.0
shame,1,80.0,80.0,80.0,90.0,0.0,90.0,98.0
shame,2,90.0,80.0,90.0,80.0,0.0,98.0,90.0
shame,3,80.0,40.0,90.0,90.0,0.0,90.0,98.0
shame,4,90.0,80.0,90.0,90.0,0.0,98.0,98.0
shame,5,90.0,80.0,80.0,80.0,0.0,90.0,80.0
shame,6,20.0,0.0,0.0,80.0,0.0,40.0,98.0
shame,7,80.0,20.0,60.0,60.0,0.0,40.0,80.0
shame,8,90.0,98.0,90.0,80.0,0.0,90.0,98.0
shame,9,90.0,87.0,80.0,90.0,0.0,80.0,90.0
shame,10,80.0,80.0,98.0,0.0,0.0,98.0,80.0
shame,11,80.0,80.0,90.0,98.0,0.0,90.0,100.0
shame,12,90.0,90.0,90.0,20.0,0.0,90.0,90.0
shame,13,80.0,90.0,90.0,98.0,0.0,98.0,90.0
shame,14,40.0,90.0,98.0,98.0,0.0,98.0,98.0
shame,15,90.0,90.0,98.0,0.0,0.0,10.0,10.0
shame,16,80.0,80.0,90.0,90.0,0.0,80.0,90.0
shame,17,20.0,40.0,90.0,0.0,0.0,20.0,0.0
shame,18,20.0,40.0,90.0,80.0,0.0,90.0,90.0
shame,19,80.0,0.0,80.0,80.0,0.0,87.0,80.0
shame,20,40.0,80.0,90.0,98.0,0.0,90.0,98.0
shame,21,90.0,80.0,98.0,80.0,0.0,98.0,98.0
shame,22,80.0,20.0,80.0,90.0,0.0,40.0,90.0
shame,23,10.0,80.0,90.0,80.0,0.0,40.0,80.0
shame,24,40.0,40.0,40.0,90.0,0.0,80.0,90.0
shame,25,20.0,80.0,10.0,98.0,0.0,80.0,98.0
shame,26,80.0,40.0,98.0,90.0,0.0,98.0,98.0
shame,27,80.0,80.0,80.0,90.0,0.0,80.0,90.0
shame,28,40.0,0.0,40.0,90.0,10.0,40.0,90.0
shame,29,0.0,20.0,20.0,90.0,0.0,80.0,98.0
shame,30,80.0,40.0,90.0,90.0,0.0,90.0,90.0
shame,31,80.0,20.0,90.0,90.0,0.0,80.0,90.0
shame,32,20.0,80.0,90.0,98.0,0.0,90.0,98.0
shame,33,80.0,80.0,80.0,90.0,0.0,40.0,98.0
shame,34,40.0,20.0,80.0,80.0,80.0,70.0,90.0
shame,35,90.0,0.0,80.0,90.0,0.0,80.0,90.0
shame,36,10.0,0.0,40.0,10.0,80.0,0.0,40.0
shame,37,40.0,0.0,10.0,10.0,80.0,0.0,80.0
shame,38,10.0,0.0,80.0,40.0,80.0,80.0,80.0
shame,39,40.0,10.0,90.0,90.0,4.0,40.0,90.0
shame,40,90.0,40.0,90.0,90.0,0.0,98.0,90.0
shame,41,90.0,80.0,98.0,98.0,0.0,98.0,98.0
shame,42,80.0,20.0,80.0,90.0,0.0,90.0,90.0
shame,43,90.0,40.0,90.0,90.0,0.0,98.0,90.0
shame,44,20.0,80.0,80.0,90.0,0.0,90.0,98.0
shame,45,40.0,80.0,80.0,90.0,0.0,80.0,98.0
shame,46,90.0,20.0,98.0,80.0,0.0,98.0,98.0
shame,47,80.0,0.0,80.0,80.0,0.0,98.0,98.0
shame,48,80.0,20.0,90.0,90.0,0.0,90.0,98.0
shame,49,20.0,40.0,90.0,90.0,0.0,90.0,98.0
shame,50,40.0,80.0,90.0,98.0,0.0,98.0,98.0
shame,51,10.0,90.0,20.0,90.0,0.0,80.0,98.0
shame,52,90.0,90.0,90.0,98.0,0.0,98.0,98.0
shame,53,80.0,20.0,40.0,80.0,0.0,80.0,90.0
shame,54,40.0,0.0,98.0,90.0,0.0,80.0,98.0
shame,55,40.0,20.0,90.0,90.0,0.0,90.0,98.0
anger-disgust,0,20.0,0.0,0.0,20.0,10.0,10.0,20.0
anger-disgust,1,20.0,0.0,0.0,0.0,20.0,10.0,0.0
anger-disgust,2,40.0,0.0,0.0,0.0,0.0,60.0,0.0
anger-disgust,3,20.0,0.0,10.0,0.0,0.0,10.0,0.0
anger-disgust,4,0.0,0.0,0.0,0.0,0.0,0.0,0.0
anger-disgust,5,10.0,0.0,0.0,20.0,20.0,10.0,0.0
anger-disgust,6,60.0,20.0,10.0,20.0,0.0,60.0,20.0
anger-disgust,7,20.0,10.0,0.0,20.0,0.0,20.0,0.0
anger-disgust,8,80.0,80.0,0.0,0.0,0.0,80.0,0.0
anger-disgust,9,20.0,10.0,0.0,0.0,0.0,10.0,10.0
anger-disgust,10,40.0,20.0,60.0,0.0,0.0,40.0,0.0
anger-disgust,11,40.0,60.0,20.0,0.0,0.0,0.0,0.0
anger-disgust,12,60.0,0.0,0.0,0.0,0.0,10.0,0.0
anger-disgust,13,20.0,20.0,40.0,0.0,0.0,20.0,0.0
anger-disgust,14,40.0,20.0,0.0,0.0,0.0,10.0,0.0
anger-disgust,15,0.0,10.0,10.0,0.0,0.0,0.0,0.0
anger-disgust,16,40.0,20.0,60.0,20.0,0.0,20.0,20.0
anger-disgust,17,0.0,10.0,20.0,0.0,20.0,0.0,0.0
anger-disgust,18,0.0,0.0,0.0,0.0,20.0,10.0,0.0
anger-disgust,19,20.0,0.0,80.0,20.0,0.0,80.0,20.0
anger-disgust,20,0.0,0.0,0.0,30.0,0.0,20.0,20.0
anger-disgust,21,60.0,20.0,60.0,0.0,0.0,40.0,0.0
anger-disgust,22,20.0,20.0,20.0,0.0,0.0,0.0,0.0
anger-disgust,23,0.0,0.0,10.0,0.0,60.0,0.0,0.0
anger-disgust,24,0.0,0.0,0.0,40.0,0.0,40.0,30.0
anger-disgust,25,10.0,0.0,10.0,20.0,0.0,20.0,20.0
anger-disgust,26,0.0,0.0,10.0,60.0,0.0,0.0,60.0
anger-disgust,27,0.0,0.0,10.0,60.0,0.0,30.0,30.0
anger-disgust,28,0.0,0.0,20.0,30.0,60.0,10.0,30.0
anger-disgust,29,40.0,20.0,20.0,40.0,0.0,60.0,20.0
anger-disgust,30,0.0,0.0,0.0,30.0,0.0,20.0,20.0
anger-disgust,31,80.0,20.0,0.0,20.0,0.0,20.0,20.0
anger-disgust,32,0.0,0.0,0.0,0.0,90.0,0.0,0.0
anger-disgust,33,0.0,0.0,0.0,0.0,60.0,0.0,0.0
anger-disgust,34,0.0,0.0,5.0,20.0,20.0,0.0,20.0
anger-disgust,35,0.0,0.0,0.0,0.0,98.0,0.0,0.0
anger-disgust,36,0.0,0.0,0.0,0.0,98.0,0.0,0.0
anger-disgust,37,0.0,0.0,0.0,0.0,90.0,0.0,0.0
anger-disgust,38,0.0,0.0,5.0,0.0,80.0,0.0,0.0
anger-disgust,39,0.0,0.0,0.0,0.0,80.0,0.0,0.0
anger-disgust,40,0.0,0.0,0.0,0.0,30.0,20.0,0.0
anger-disgust,41,0.0,0.0,40.0,20.0,20.0,80.0,0.0
anger-disgust,42,20.0,0.0,10.0,0.0,10.0,40.0,10.0
anger-disgust,43,0.0,0.0,20.0,20.0,0.0,80.0,0.0
anger-disgust,44,10.0,0.0,0.0,0.0,0.0,20.0,0.0
anger-disgust,45,80.0,0.0,0.0,0.0,0.0,10.0,0.0
anger-disgust,46,0.0,0.0,0.0,0.0,20.0,20.0,0.0
anger-disgust,47,20.0,0.0,0.0,10.0,0.0,30.0,10.0
anger-disgust,48,0.0,0.0,10.0,30.0,10.0,20.0,40.0
anger-disgust,49,0.0,0.0,0.0,80.0,0.0,70.0,80.0
anger-disgust,50,0.0,0.0,5.0,20.0,0.0,20.0,20.0
anger-disgust,51,5.0,10.0,0.0,5.0,0.0,10.0,20.0
anger-disgust,52,30.0,0.0,20.0,20.0,0.0,70.0,30.0
anger-disgust,53,20.0,10.0,10.0,60.0,0.0,40.0,40.0
anger-disgust,54,0.0,0.0,0.0,5.0,80.0,10.0,20.0
anger-disgust,55,0.0,0.0,0.0,60.0,0.0,10.0,40.0
anger-fear,0,40.0,20.0,0.0,0.0,20.0,0.0,0.0
anger-fear,1,40.0,0.0,0.0,0.0,80.0,0.0,10.0
anger-fear,2,90.0,20.0,0.0,0.0,0.0,60.0,0.0
anger-fear,3,80.0,20.0,0.0,0.0,0.0,20.0,0.0
anger-fear,4,80.0,20.0,20.0,0.0,0.0,10.0,20.0
anger-fear,5,98.0,0.0,0.0,0.0,0.0,0.0,0.0
anger-fear,6,20.0,0.0,0.0,0.0,0.0,60.0,0.0
anger-fear,7,85.0,40.0,0.0,0.0,0.0,0.0,0.0
anger-fear,8,90.0,90.0,0.0,0.0,0.0,40.0,0.0
anger-fear,9,60.0,20.0,0.0,0.0,0.0,10.0,0.0
anger-fear,10,80.0,80.0,0.0,0.0,0.0,40.0,0.0
anger-fear,11,60.0,60.0,0.0,0.0,0.0,0.0,0.0
anger-fear,12,80.0,20.0,0.0,0.0,0.0,0.0,0.0
anger-fear,13,80.0,20.0,0.0,0.0,20.0,0.0,0.0
anger-fear,14,80.0,60.0,10.0,0.0,0.0,10.0,0.0
anger-fear,15,20.0,20.0,20.0,0.0,80.0,0.0,0.0
anger-fear,16,90.0,0.0,0.0,0.0,0.0,0.0,0.0
anger-fear,17,20.0,20.0,0.0,0.0,80.0,0.0,0.0
anger-fear,18,80.0,0.0,0.0,0.0,0.0,40.0,0.0
anger-fear,19,60.0,0.0,20.0,0.0,0.0,60.0,20.0
anger-fear,20,80.0,0.0,0.0,0.0,0.0,0.0,0.0
anger-fear,21,90.0,20.0,20.0,0.0,0.0,0.0,0.0
anger-fear,22,80.0,40.0,20.0,0.0,0.0,0.0,0.0
anger-fear,23,60.0,40.0,20.0,0.0,0.0,0.0,0.0
anger-fear,24,0.0,0.0,0.0,80.0,20.0,60.0,80.0
anger-fear,25,20.0,0.0,10.0,80.0,0.0,40.0,80.0
anger-fear,27,20.0,0.0,20.0,80.0,0.0,20.0,80.0
anger-fear,28,0.0,0.0,0.0,0.0,90.0,0.0,0.0
anger-fear,29,60.0,0.0,0.0,0.0,60.0,0.0,0.0
anger-fear,30,20.0,0.0,0.0,0.0,10.0,10.0,0.0
anger-fear,31,80.0,20.0,0.0,0.0,0.0,0.0,0.0
anger-fear,32,0.0,0.0,0.0,0.0,90.0,0.0,0.0
anger-fear,33,0.0,0.0,0.0,0.0,80.0,0.0,0.0
anger-fear,34,20.0,0.0,0.0,40.0,20.0,0.0,30.0
anger-fear,35,0.0,0.0,0.0,0.0,100.0,0.0,0.0
anger-fear,36,0.0,0.0,0.0,0.0,100.0,0.0,0.0
anger-fear,37,0.0,0.0,0.0,0.0,98.0,0.0,0.0
anger-fear,38,0.0,0.0,0.0,0.0,98.0,0.0,0.0
anger-fear,39,0.0,0.0,0.0,0.0,98.0,0.0,0.0
anger-fear,40,0.0,0.0,0.0,0.0,80.0,10.0,0.0
anger-fear,41,80.0,10.0,40.0,80.0,0.0,90.0,80.0
anger-fear,42,60.0,0.0,10.0,0.0,10.0,80.0,10.0
anger-fear,43,80.0,0.0,40.0,80.0,0.0,90.0,80.0
anger-fear,44,20.0,0.0,0.0,20.0,0.0,60.0,20.0
anger-fear,45,90.0,80.0,0.0,0.0,0.0,40.0,80.0
anger-fear,46,90.0,0.0,0.0,10.0,0.0,20.0,10.0
anger-fear,47,20.0,0.0,0.0,0.0,0.0,20.0,10.0
anger-fear,48,20.0,0.0,10.0,80.0,0.0,60.0,80.0
anger-fear,49,80.0,20.0,0.0,0.0,0.0,20.0,0.0
anger-fear,50,0.0,0.0,10.0,10.0,40.0,0.0,40.0
anger-fear,51,20.0,40.0,0.0,20.0,0.0,0.0,80.0
anger-fear,52,20.0,0.0,0.0,0.0,90.0,0.0,20.0
anger-fear,53,60.0,0.0,0.0,20.0,0.0,20.0,20.0
anger-fear,54,20.0,0.0,0.0,0.0,80.0,0.0,10.0
anger-fear,55,60.0,0.0,0.0,40.0,0.0,0.0,80.0
anger-guilt,0,60.0,0.0,20.0,0.0,0.0,0.0,20.0
anger-guilt,1,40.0,0.0,0.0,0.0,90.0,0.0,0.0
anger-guilt,2,90.0,40.0,20.0,0.0,0.0,20.0,0.0
anger-guilt,3,80.0,40.0,20.0,0.0,0.0,80.0,20.0
anger-guilt,4,40.0,0.0,0.0,0.0,0.0,0.0,10.0
anger-guilt,5,0.0,0.0,0.0,0.0,0.0,0.0,0.0
anger-guilt,6,98.0,90.0,0.0,0.0,0.0,40.0,0.0
anger-guilt,8,90.0,98.0,80.0,0.0,0.0,90.0,0.0
anger-guilt,9,80.0,20.0,0.0,0.0,0.0,0.0,0.0
anger-guilt,10,90.0,20.0,60.0,0.0,0.0,0.0,0.0
anger-guilt,11,90.0,90.0,40.0,0.0,0.0,0.0,0.0
anger-guilt,12,90.0,20.0,0.0,0.0,0.0,0.0,0.0
anger-guilt,13,80.0,80.0,80.0,0.0,0.0,0.0,0.0
anger-guilt,14,90.0,90.0,20.0,0.0,0.0,0.0,0.0
anger-guilt,15,60.0,90.0,80.0,0.0,0.0,0.0,0.0
anger-guilt,16,80.0,20.0,80.0,0.0,0.0,0.0,0.0
anger-guilt,17,10.0,20.0,40.0,0.0,20.0,0.0,0.0
anger-guilt,18,20.0,0.0,0.0,0.0,80.0,20.0,0.0
anger-guilt,19,20.0,0.0,20.0,0.0,0.0,20.0,0.0
anger-guilt,20,80.0,10.0,80.0,80.0,0.0,10.0,80.0
anger-guilt,21,80.0,20.0,80.0,0.0,0.0,20.0,0.0
anger-guilt,22,90.0,40.0,90.0,0.0,0.0,10.0,0.0
anger-guilt,23,40.0,0.0,40.0,0.0,80.0,0.0,0.0
anger-guilt,24,20.0,0.0,20.0,80.0,0.0,30.0,80.0
anger-guilt,25,40.0,20.0,20.0,20.0,0.0,0.0,20.0
anger-guilt,26,20.0,0.0,10.0,20.0,20.0,0.0,40.0
anger-guilt,27,10.0,0.0,0.0,20.0,0.0,0.0,20.0
anger-guilt,28,20.0,0.0,40.0,80.0,80.0,0.0,60.0
anger-guilt,29,80.0,10.0,10.0,0.0,0.0,0.0,80.0
anger-guilt,30,20.0,0.0,0.0,20.0,20.0,0.0,20.0
anger-guilt,31,90.0,0.0,0.0,0.0,0.0,0.0,0.0
anger-guilt,32,0.0,0.0,0.0,0.0,90.0,0.0,0.0
anger-guilt,33,10.0,10.0,0.0,0.0,20.0,0.0,0.0
anger-guilt,34,20.0,0.0,10.0,0.0,80.0,0.0,0.0
anger-guilt,35,0.0,0.0,0.0,0.0,100.0,0.0,0.0
anger-guilt,36,0.0,0.0,0.0,0.0,100.0,0.0,0.0
anger-guilt,37,0.0,0.0,0.0,0.0,100.0,0.0,0.0
anger-guilt,38,0.0,0.0,10.0,0.0,98.0,0.0,0.0
anger-guilt,39,0.0,0.0,0.0,0.0,98.0,0.0,0.0
anger-guilt,40,40.0,0.0,0.0,0.0,20.0,30.0,10.0
anger-guilt,41,20.0,0.0,10.0,20.0,20.0,80.0,10.0
anger-guilt,42,80.0,0.0,0.0,0.0,90.0,20.0,0.0
anger-guilt,43,40.0,0.0,90.0,40.0,0.0,90.0,20.0
anger-guilt,44,60.0,0.0,10.0,0.0,0.0,60.0,20.0
anger-guilt,45,60.0,0.0,0.0,0.0,80.0,0.0,0.0
anger-guilt,46,60.0,0.0,20.0,20.0,0.0,80.0,40.0
anger-guilt,47,40.0,0.0,80.0,40.0,0.0,80.0,80.0
anger-guilt,48,20.0,10.0,40.0,80.0,0.0,20.0,90.0
anger-guilt,49,40.0,0.0,20.0,0.0,0.0,20.0,20.0
anger-guilt,50,40.0,20.0,0.0,0.0,0.0,0.0,0.0
anger-guilt,51,80.0,90.0,0.0,0.0,0.0,0.0,80.0
anger-guilt,52,90.0,0.0,10.0,0.0,0.0,20.0,20.0
anger-guilt,53,40.0,10.0,0.0,0.0,80.0,10.0,20.0
anger-guilt,54,20.0,0.0,0.0,0.0,80.0,0.0,0.0
anger-guilt,55,20.0,0.0,10.0,20.0,20.0,0.0,40.0
anger-joy,0,80.0,20.0,20.0,20.0,0.0,20.0,40.0
anger-joy,1,98.0,80.0,90.0,0.0,0.0,80.0,90.0
anger-joy,2,98.0,80.0,20.0,0.0,0.0,20.0,0.0
anger-joy,3,98.0,20.0,0.0,20.0,0.0,40.0,0.0
anger-joy,4,90.0,40.0,20.0,20.0,0.0,90.0,90.0
anger-joy,5,90.0,80.0,20.0,20.0,0.0,20.0,80.0
anger-joy,6,0.0,0.0,0.0,0.0,0.0,0.0,0.0
anger-joy,7,80.0,0.0,80.0,90.0,0.0,80.0,90.0
anger-joy,8,80.0,90.0,40.0,80.0,0.0,90.0,90.0
anger-joy,9,98.0,98.0,80.0,0.0,0.0,20.0,80.0
anger-joy,10,90.0,80.0,80.0,20.0,0.0,80.0,20.0
anger-joy,11,90.0,90.0,80.0,0.0,0.0,20.0,80.0
anger-joy,12,98.0,90.0,80.0,0.0,0.0,40.0,0.0
anger-joy,13,90.0,90.0,80.0,80.0,0.0,90.0,20.0
anger-joy,14,60.0,40.0,20.0,20.0,0.0,40.0,20.0
anger-joy,15,80.0,80.0,20.0,0.0,0.0,20.0,0.0
anger-joy,16,90.0,87.0,98.0,80.0,0.0,90.0,80.0
anger-joy,17,80.0,80.0,40.0,0.0,0.0,20.0,0.0
anger-joy,18,40.0,20.0,40.0,0.0,0.0,40.0,0.0
anger-joy,19,90.0,20.0,90.0,80.0,0.0,98.0,90.0
anger-joy,20,90.0,40.0,0.0,90.0,0.0,40.0,90.0
anger-joy,21,20.0,20.0,80.0,0.0,0.0,20.0,20.0
anger-joy,22,98.0,80.0,90.0,80.0,0.0,90.0,90.0
anger-joy,23,87.0,87.0,90.0,20.0,0.0,80.0,80.0
anger-joy,24,90.0,40.0,20.0,20.0,0.0,90.0,80.0
anger-joy,25,90.0,40.0,0.0,40.0,0.0,20.0,40.0
anger-joy,26,90.0,40.0,20.0,80.0,0.0,80.0,90.0
anger-joy,27,90.0,80.0,0.0,90.0,0.0,40.0,80.0
anger-joy,28,98.0,80.0,0.0,0.0,0.0,80.0,80.0
anger-joy,29,60.0,0.0,20.0,80.0,0.0,20.0,20.0
anger-joy,30,80.0,20.0,40.0,80.0,0.0,90.0,80.0
anger-joy,31,90.0,80.0,0.0,20.0,0.0,20.0,20.0
anger-joy,32,90.0,87.0,80.0,90.0,0.0,90.0,90.0
anger-joy,33,40.0,20.0,80.0,20.0,0.0,40.0,20.0
anger-joy,34,80.0,20.0,80.0,80.0,0.0,90.0,90.0
anger-joy,35,80.0,20.0,0.0,0.0,90.0,80.0,0.0
anger-joy,36,98.0,0.0,80.0,0.0,80.0,98.0,80.0
anger-joy,37,40.0,10.0,20.0,0.0,0.0,80.0,20.0
anger-joy,38,90.0,40.0,80.0,80.0,0.0,90.0,98.0
anger-joy,39,80.0,20.0,90.0,80.0,0.0,87.0,90.0
anger-joy,40,90.0,87.0,20.0,0.0,0.0,80.0,20.0
anger-joy,41,98.0,90.0,80.0,20.0,0.0,90.0,80.0
anger-joy,42,90.0,40.0,80.0,90.0,0.0,90.0,90.0
anger-joy,43,80.0,20.0,0.0,20.0,0.0,80.0,80.0
anger-joy,44,80.0,20.0,80.0,80.0,0.0,90.0,90.0
anger-joy,45,90.0,80.0,80.0,20.0,0.0,90.0,80.0
anger-joy,46,80.0,0.0,20.0,0.0,20.0,20.0,20.0
anger-joy,47,80.0,40.0,40.0,40.0,0.0,80.0,80.0
anger-joy,48,90.0,0.0,98.0,20.0,0.0,20.0,90.0
anger-joy,49,90.0,20.0,40.0,80.0,0.0,80.0,80.0
anger-joy,50,40.0,20.0,40.0,80.0,0.0,80.0,80.0
anger-joy,51,67.0,80.0,0.0,90.0,0.0,90.0,98.0
anger-joy,52,80.0,20.0,20.0,40.0,0.0,80.0,80.0
anger-joy,53,98.0,80.0,90.0,90.0,0.0,90.0,90.0
anger-joy,54,90.0,67.0,20.0,0.0,0.0,20.0,90.0
anger-joy,55,80.0,20.0,80.0,90.0,0.0,40.0,90.0
anger-sadness,0,40.0,0.0,0.0,0.0,20.0,0.0,20.0
anger-sadness,1,60.0,0.0,0.0,0.0,80.0,0.0,0.0
anger-sadness,2,95.0,0.0,0.0,0.0,0.0,0.0,0.0
anger-sadness,3,90.0,40.0,0.0,0.0,0.0,20.0,0.0
anger-sadness,4,90.0,0.0,0.0,0.0,0.0,0.0,0.0
anger-sadness,5,0.0,0.0,0.0,0.0,20.0,0.0,0.0
anger-sadness,6,98.0,0.0,0.0,0.0,0.0,0.0,0.0
anger-sadness,7,90.0,20.0,0.0,0.0,0.0,0.0,0.0
anger-sadness,8,98.0,98.0,20.0,0.0,0.0,20.0,0.0
anger-sadness,9,80.0,20.0,0.0,0.0,0.0,0.0,0.0
anger-sadness,10,95.0,20.0,0.0,0.0,0.0,0.0,0.0
anger-sadness,11,80.0,80.0,20.0,0.0,0.0,0.0,0.0
anger-sadness,12,95.0,40.0,20.0,0.0,0.0,0.0,0.0
anger-sadness,13,90.0,0.0,0.0,0.0,40.0,0.0,0.0
anger-sadness,14,80.0,40.0,0.0,0.0,0.0,0.0,0.0
anger-sadness,15,40.0,80.0,60.0,0.0,0.0,0.0,0.0
anger-sadness,16,98.0,0.0,0.0,0.0,0.0,0.0,0.0
anger-sadness,17,60.0,40.0,40.0,0.0,0.0,0.0,0.0
anger-sadness,18,40.0,0.0,40.0,0.0,0.0,0.0,0.0
anger-sadness,19,0.0,0.0,0.0,0.0,98.0,0.0,0.0
anger-sadness,20,90.0,20.0,0.0,0.0,0.0,0.0,0.0
anger-sadness,21,90.0,20.0,80.0,0.0,0.0,0.0,0.0
anger-sadness,22,90.0,40.0,80.0,0.0,0.0,0.0,0.0
anger-sadness,23,60.0,0.0,80.0,0.0,80.0,0.0,0.0
anger-sadness,24,0.0,0.0,0.0,0.0,90.0,0.0,0.0
anger-sadness,25,40.0,40.0,0.0,80.0,0.0,10.0,80.0
anger-sadness,26,20.0,0.0,0.0,0.0,80.0,0.0,0.0
anger-sadness,27,80.0,20.0,40.0,20.0,0.0,0.0,20.0
anger-sadness,28,40.0,0.0,0.0,0.0,90.0,0.0,0.0
anger-sadness,29,10.0,0.0,0.0,80.0,0.0,20.0,80.0
anger-sadness,30,20.0,0.0,0.0,20.0,20.0,0.0,20.0
anger-sadness,31,80.0,0.0,0.0,0.0,0.0,0.0,0.0
anger-sadness,32,0.0,0.0,0.0,0.0,90.0,0.0,0.0
anger-sadness,33,0.0,0.0,0.0,0.0,90.0,0.0,0.0
anger-sadness,34,20.0,0.0,80.0,20.0,80.0,20.0,20.0
anger-sadness,35,0.0,0.0,0.0,0.0,100.0,0.0,0.0
anger-sadness,36,0.0,0.0,0.0,0.0,100.0,0.0,0.0
anger-sadness,37,0.0,0.0,0.0,0.0,100.0,0.0,0.0
anger-sadness,38,0.0,0.0,0.0,0.0,98.0,0.0,0.0
anger-sadness,39,0.0,0.0,0.0,0.0,98.0,0.0,0.0
anger-sadness,40,0.0,0.0,0.0,0.0,80.0,10.0,0.0
anger-sadness,41,10.0,0.0,20.0,0.0,80.0,20.0,0.0
anger-sadness,42,95.0,0.0,0.0,0.0,0.0,0.0,0.0
anger-sadness,43,98.0,0.0,0.0,0.0,0.0,0.0,0.0
anger-sadness,44,80.0,20.0,0.0,0.0,0.0,40.0,20.0
anger-sadness,45,80.0,20.0,40.0,0.0,0.0,0.0,0.0
anger-sadness,46,98.0,0.0,0.0,0.0,0.0,0.0,0.0
anger-sadness,47,98.0,0.0,0.0,0.0,0.0,0.0,0.0
anger-sadness,48,20.0,0.0,10.0,20.0,0.0,0.0,90.0
anger-sadness,49,95.0,0.0,0.0,0.0,0.0,0.0,0.0
anger-sadness,50,40.0,0.0,0.0,0.0,90.0,0.0,0.0
anger-sadness,51,90.0,90.0,20.0,80.0,0.0,40.0,90.0
anger-sadness,52,80.0,20.0,20.0,0.0,0.0,20.0,20.0
anger-sadness,53,20.0,0.0,20.0,80.0,0.0,60.0,80.0
anger-sadness,54,0.0,0.0,0.0,0.0,90.0,0.0,0.0
anger-sadness,55,0.0,0.0,0.0,80.0,0.0,0.0,80.0
anger-shame,0,60.0,20.0,0.0,0.0,20.0,0.0,0.0
anger-shame,1,80.0,0.0,0.0,0.0,60.0,0.0,0.0
anger-shame,2,90.0,20.0,0.0,0.0,0.0,20.0,0.0
anger-shame,3,80.0,20.0,0.0,0.0,0.0,80.0,0.0
anger-shame,4,80.0,0.0,0.0,0.0,80.0,0.0,0.0
anger-shame,5,40.0,20.0,10.0,0.0,60.0,10.0,0.0
anger-shame,6,80.0,20.0,10.0,20.0,0.0,30.0,20.0
anger-shame,7,60.0,10.0,0.0,0.0,0.0,10.0,0.0
anger-shame,8,90.0,90.0,20.0,0.0,0.0,20.0,0.0
anger-shame,9,80.0,40.0,0.0,0.0,0.0,10.0,0.0
anger-shame,10,80.0,0.0,0.0,0.0,0.0,0.0,0.0
anger-shame,11,80.0,90.0,20.0,0.0,0.0,0.0,0.0
anger-shame,12,90.0,40.0,0.0,0.0,0.0,0.0,0.0
anger-shame,13,80.0,0.0,0.0,0.0,0.0,0.0,0.0
anger-shame,14,60.0,20.0,0.0,0.0,0.0,0.0,0.0
anger-shame,15,20.0,20.0,10.0,0.0,20.0,0.0,0.0
anger-shame,16,80.0,0.0,80.0,0.0,10.0,0.0,0.0
anger-shame,17,0.0,0.0,20.0,0.0,20.0,0.0,0.0
anger-shame,18,20.0,0.0,0.0,0.0,10.0,0.0,0.0
anger-shame,19,20.0,0.0,10.0,0.0,20.0,20.0,0.0
anger-shame,20,90.0,0.0,0.0,0.0,20.0,0.0,0.0
anger-shame,21,90.0,20.0,80.0,0.0,0.0,40.0,0.0
anger-shame,22,80.0,0.0,40.0,0.0,0.0,0.0,0.0
anger-shame,23,0.0,0.0,0.0,0.0,80.0,0.0,0.0
anger-shame,24,0.0,0.0,0.0,0.0,80.0,0.0,0.0
anger-shame,25,80.0,40.0,0.0,0.0,0.0,10.0,0.0
anger-shame,26,80.0,0.0,0.0,0.0,80.0,0.0,0.0
anger-shame,27,10.0,0.0,0.0,30.0,0.0,20.0,20.0
anger-shame,28,0.0,0.0,0.0,0.0,80.0,0.0,0.0
anger-shame,29,20.0,0.0,0.0,80.0,10.0,30.0,30.0
anger-shame,30,10.0,0.0,0.0,0.0,0.0,10.0,0.0
anger-shame,31,90.0,0.0,0.0,0.0,0.0,0.0,0.0
anger-shame,32,0.0,0.0,0.0,0.0,80.0,0.0,0.0
anger-shame,33,0.0,0.0,0.0,0.0,80.0,0.0,0.0
anger-shame,34,0.0,0.0,0.0,0.0,80.0,20.0,0.0
anger-shame,35,0.0,0.0,0.0,0.0,100.0,0.0,0.0
anger-shame,36,0.0,0.0,0.0,0.0,98.0,0.0,0.0
anger-shame,37,0.0,0.0,0.0,0.0,98.0,0.0,0.0
anger-shame,38,0.0,0.0,0.0,0.0,98.0,0.0,0.0
anger-shame,39,0.0,0.0,0.0,0.0,98.0,0.0,0.0
anger-shame,40,0.0,0.0,10.0,0.0,60.0,20.0,0.0
anger-shame,41,0.0,0.0,10.0,0.0,20.0,40.0,0.0
anger-shame,42,80.0,0.0,0.0,0.0,80.0,0.0,0.0
anger-shame,43,0.0,0.0,0.0,0.0,20.0,20.0,0.0
anger-shame,44,40.0,0.0,0.0,0.0,20.0,30.0,0.0
anger-shame,45,90.0,0.0,0.0,0.0,0.0,0.0,0.0
anger-shame,46,0.0,0.0,0.0,0.0,40.0,10.0,0.0
anger-shame,47,10.0,0.0,0.0,0.0,80.0,10.0,0.0
anger-shame,48,80.0,0.0,0.0,0.0,0.0,0.0,0.0
anger-shame,49,60.0,0.0,0.0,0.0,20.0,0.0,0.0
anger-shame,50,0.0,0.0,0.0,0.0,80.0,0.0,0.0
anger-shame,51,40.0,40.0,0.0,0.0,0.0,10.0,20.0
anger-shame,52,40.0,0.0,0.0,0.0,0.0,10.0,0.0
anger-shame,53,20.0,0.0,0.0,20.0,20.0,20.0,20.0
anger-shame,54,10.0,0.0,10.0,0.0,80.0,0.0,0.0
anger-shame,55,80.0,0.0,0.0,0.0,0.0,0.0,0.0
disgust-anger,0,0.0,0.0,80.0,20.0,20.0,10.0,20.0
disgust-anger,1,40.0,0.0,0.0,20.0,0.0,20.0,20.0
disgust-anger,2,20.0,20.0,40.0,0.0,0.0,90.0,80.0
disgust-anger,3,10.0,20.0,80.0,90.0,0.0,90.0,90.0
disgust-anger,4,20.0,10.0,90.0,90.0,0.0,80.0,98.0
disgust-anger,5,20.0,20.0,40.0,20.0,0.0,90.0,40.0
disgust-anger,6,40.0,40.0,0.0,0.0,0.0,40.0,40.0
disgust-anger,7,10.0,0.0,10.0,60.0,0.0,40.0,40.0
disgust-anger,8,80.0,95.0,90.0,0.0,0.0,90.0,0.0
disgust-anger,9,60.0,80.0,0.0,0.0,0.0,10.0,0.0
disgust-anger,10,20.0,40.0,40.0,0.0,0.0,90.0,0.0
disgust-anger,11,20.0,90.0,10.0,0.0,0.0,10.0,0.0
disgust-anger,12,60.0,20.0,20.0,0.0,0.0,20.0,0.0
disgust-anger,13,20.0,80.0,80.0,20.0,0.0,80.0,10.0
disgust-anger,14,80.0,40.0,20.0,0.0,0.0,10.0,0.0
disgust-anger,15,20.0,80.0,80.0,0.0,0.0,10.0,10.0
disgust-anger,16,80.0,40.0,90.0,80.0,0.0,80.0,40.0
disgust-anger,17,0.0,20.0,80.0,0.0,0.0,0.0,0.0
disgust-anger,18,0.0,20.0,90.0,40.0,0.0,80.0,20.0
disgust-anger,19,10.0,0.0,70.0,20.0,0.0,80.0,20.0
disgust-anger,20,10.0,40.0,80.0,90.0,0.0,80.0,90.0
disgust-anger,21,60.0,20.0,90.0,0.0,0.0,40.0,20.0
disgust-anger,22,60.0,20.0,80.0,0.0,0.0,10.0,0.0
disgust-anger,23,20.0,40.0,60.0,0.0,0.0,20.0,0.0
disgust-anger,24,10.0,0.0,20.0,90.0,0.0,80.0,90.0
disgust-anger,25,10.0,10.0,20.0,80.0,0.0,40.0,80.0
disgust-anger,26,10.0,20.0,20.0,90.0,0.0,80.0,90.0
disgust-anger,27,10.0,10.0,20.0,90.0,0.0,80.0,80.0
disgust-anger,28,10.0,10.0,60.0,90.0,0.0,80.0,90.0
disgust-anger,29,0.0,20.0,10.0,90.0,0.0,80.0,90.0
disgust-anger,30,0.0,0.0,10.0,80.0,0.0,40.0,80.0
disgust-anger,31,20.0,20.0,40.0,90.0,0.0,80.0,90.0
disgust-anger,32,0.0,0.0,20.0,0.0,90.0,0.0,0.0
disgust-anger,33,0.0,0.0,0.0,0.0,60.0,0.0,0.0
disgust-anger,34,0.0,0.0,20.0,40.0,60.0,20.0,20.0
disgust-anger,35,0.0,0.0,0.0,0.0,100.0,0.0,0.0
disgust-anger,36,0.0,0.0,0.0,0.0,98.0,0.0,0.0
disgust-anger,37,0.0,0.0,0.0,0.0,98.0,0.0,0.0
disgust-anger,38,0.0,0.0,0.0,0.0,90.0,0.0,0.0
disgust-anger,39,0.0,0.0,0.0,0.0,90.0,0.0,0.0
disgust-anger,40,0.0,0.0,0.0,0.0,80.0,40.0,0.0
disgust-anger,41,80.0,40.0,90.0,80.0,0.0,98.0,20.0
disgust-anger,42,20.0,0.0,10.0,10.0,0.0,80.0,20.0
disgust-anger,43,0.0,0.0,80.0,20.0,0.0,80.0,20.0
disgust-anger,44,20.0,20.0,10.0,10.0,0.0,80.0,40.0
disgust-anger,45,20.0,10.0,80.0,20.0,0.0,80.0,0.0
disgust-anger,46,10.0,0.0,20.0,0.0,0.0,80.0,20.0
disgust-anger,47,20.0,0.0,10.0,80.0,0.0,80.0,80.0
disgust-anger,48,0.0,0.0,10.0,80.0,0.0,20.0,90.0
disgust-anger,49,0.0,40.0,80.0,90.0,0.0,90.0,90.0
disgust-anger,50,0.0,0.0,10.0,20.0,0.0,10.0,80.0
disgust-anger,51,10.0,80.0,0.0,20.0,0.0,10.0,80.0
disgust-anger,52,20.0,10.0,20.0,20.0,0.0,60.0,80.0
disgust-anger,53,10.0,10.0,0.0,40.0,0.0,40.0,80.0
disgust-anger,54,20.0,0.0,20.0,20.0,0.0,80.0,90.0
disgust-anger,55,0.0,0.0,10.0,90.0,0.0,10.0,90.0
disgust-fear,0,10.0,0.0,0.0,20.0,0.0,20.0,60.0
disgust-fear,1,80.0,10.0,0.0,0.0,20.0,0.0,20.0
disgust-fear,2,80.0,20.0,0.0,0.0,0.0,20.0,0.0
disgust-fear,3,80.0,60.0,0.0,0.0,0.0,40.0,0.0
disgust-fear,4,20.0,0.0,0.0,10.0,20.0,0.0,40.0
disgust-fear,5,40.0,20.0,0.0,10.0,0.0,60.0,80.0
disgust-fear,6,80.0,60.0,0.0,0.0,0.0,20.0,0.0
disgust-fear,7,80.0,60.0,0.0,0.0,0.0,20.0,0.0
disgust-fear,8,90.0,90.0,10.0,0.0,0.0,10.0,0.0
disgust-fear,9,60.0,20.0,0.0,0.0,0.0,10.0,0.0
disgust-fear,10,90.0,80.0,80.0,0.0,0.0,40.0,0.0
disgust-fear,11,60.0,90.0,10.0,0.0,0.0,0.0,20.0
disgust-fear,12,80.0,10.0,0.0,0.0,0.0,0.0,0.0
disgust-fear,13,90.0,80.0,80.0,0.0,0.0,40.0,0.0
disgust-fear,14,60.0,80.0,10.0,0.0,0.0,10.0,20.0
disgust-fear,15,40.0,80.0,40.0,0.0,0.0,0.0,0.0
disgust-fear,16,80.0,20.0,20.0,0.0,20.0,0.0,0.0
disgust-fear,17,20.0,40.0,80.0,0.0,0.0,0.0,0.0
disgust-fear,18,10.0,0.0,0.0,0.0,0.0,0.0,5.0
disgust-fear,19,40.0,40.0,0.0,0.0,0.0,40.0,0.0
disgust-fear,20,20.0,20.0,10.0,90.0,0.0,40.0,90.0
disgust-fear,21,80.0,20.0,40.0,0.0,0.0,20.0,20.0
disgust-fear,22,60.0,40.0,40.0,0.0,0.0,0.0,0.0
disgust-fear,23,0.0,20.0,0.0,0.0,90.0,0.0,0.0
disgust-fear,24,10.0,0.0,0.0,80.0,0.0,40.0,80.0
disgust-fear,25,10.0,40.0,0.0,80.0,0.0,10.0,80.0
disgust-fear,26,20.0,0.0,0.0,90.0,0.0,10.0,90.0
disgust-fear,27,10.0,10.0,10.0,80.0,20.0,40.0,60.0
disgust-fear,28,20.0,20.0,0.0,90.0,0.0,80.0,90.0
disgust-fear,30,0.0,0.0,0.0,40.0,10.0,40.0,30.0
disgust-fear,31,80.0,10.0,0.0,0.0,0.0,0.0,0.0
disgust-fear,32,0.0,0.0,0.0,0.0,90.0,0.0,0.0
disgust-fear,33,0.0,0.0,0.0,0.0,80.0,0.0,0.0
disgust-fear,34,10.0,0.0,20.0,80.0,80.0,40.0,80.0
disgust-fear,35,0.0,0.0,0.0,0.0,100.0,0.0,0.0
disgust-fear,36,0.0,0.0,0.0,0.0,100.0,0.0,0.0
disgust-fear,37,0.0,0.0,0.0,0.0,100.0,0.0,0.0
disgust-fear,38,0.0,0.0,0.0,0.0,90.0,0.0,0.0
disgust-fear,39,0.0,0.0,0.0,0.0,98.0,0.0,0.0
disgust-fear,40,0.0,0.0,0.0,0.0,60.0,20.0,0.0
disgust-fear,41,80.0,0.0,0.0,20.0,0.0,90.0,0.0
disgust-fear,42,80.0,0.0,10.0,10.0,0.0,90.0,20.0
disgust-fear,43,10.0,0.0,80.0,20.0,10.0,90.0,20.0
disgust-fear,44,80.0,20.0,0.0,0.0,0.0,40.0,20.0
disgust-fear,45,80.0,20.0,0.0,0.0,0.0,0.0,0.0
disgust-fear,46,20.0,0.0,10.0,10.0,0.0,90.0,20.0
disgust-fear,47,20.0,0.0,0.0,40.0,10.0,60.0,40.0
disgust-fear,48,20.0,20.0,10.0,80.0,0.0,80.0,90.0
disgust-fear,49,20.0,20.0,0.0,40.0,10.0,20.0,80.0
disgust-fear,50,10.0,0.0,10.0,10.0,10.0,10.0,80.0
disgust-fear,51,20.0,80.0,0.0,20.0,0.0,20.0,90.0
disgust-fear,52,60.0,0.0,0.0,20.0,0.0,20.0,80.0
disgust-fear,53,20.0,10.0,0.0,80.0,0.0,20.0,90.0
disgust-fear,54,40.0,10.0,10.0,10.0,0.0,40.0,90.0
disgust-fear,55,0.0,0.0,0.0,80.0,0.0,20.0,90.0
disgust-guilt,0,80.0,60.0,80.0,0.0,0.0,40.0,40.0
disgust-guilt,1,60.0,0.0,0.0,0.0,20.0,40.0,0.0
disgust-guilt,2,98.0,20.0,80.0,20.0,0.0,95.0,20.0
disgust-guilt,3,90.0,85.0,0.0,0.0,0.0,20.0,0.0
disgust-guilt,4,40.0,10.0,80.0,80.0,0.0,80.0,90.0
disgust-guilt,5,40.0,60.0,10.0,0.0,0.0,20.0,10.0
disgust-guilt,6,80.0,80.0,10.0,0.0,0.0,40.0,40.0
disgust-guilt,7,80.0,40.0,0.0,0.0,0.0,10.0,0.0
disgust-guilt,8,80.0,98.0,20.0,0.0,0.0,80.0,0.0
disgust-guilt,9,60.0,60.0,0.0,0.0,0.0,0.0,0.0
disgust-guilt,10,90.0,40.0,90.0,0.0,0.0,20.0,0.0
disgust-guilt,11,90.0,98.0,80.0,0.0,0.0,0.0,80.0
disgust-guilt,12,80.0,10.0,0.0,0.0,0.0,10.0,0.0
disgust-guilt,13,90.0,80.0,90.0,0.0,0.0,60.0,0.0
disgust-guilt,14,80.0,90.0,80.0,0.0,0.0,0.0,0.0
disgust-guilt,15,40.0,90.0,80.0,0.0,0.0,0.0,0.0
disgust-guilt,16,90.0,80.0,98.0,0.0,0.0,20.0,0.0
disgust-guilt,17,10.0,40.0,80.0,0.0,0.0,0.0,0.0
disgust-guilt,18,20.0,40.0,80.0,0.0,0.0,20.0,0.0
disgust-guilt,19,60.0,40.0,80.0,0.0,0.0,70.0,10.0
disgust-guilt,20,60.0,20.0,80.0,80.0,0.0,40.0,80.0
disgust-guilt,21,80.0,80.0,80.0,0.0,0.0,20.0,20.0
disgust-guilt,22,80.0,80.0,80.0,0.0,0.0,10.0,0.0
disgust-guilt,23,20.0,40.0,80.0,0.0,0.0,0.0,0.0
disgust-guilt,24,10.0,0.0,0.0,80.0,0.0,40.0,80.0
disgust-guilt,25,40.0,40.0,10.0,80.0,0.0,60.0,80.0
disgust-guilt,26,20.0,10.0,20.0,80.0,0.0,40.0,80.0
disgust-guilt,27,20.0,40.0,20.0,20.0,0.0,10.0,20.0
disgust-guilt,28,20.0,0.0,0.0,20.0,80.0,0.0,0.0
disgust-guilt,29,80.0,40.0,20.0,20.0,0.0,40.0,90.0
disgust-guilt,30,0.0,0.0,0.0,20.0,20.0,0.0,20.0
disgust-guilt,31,80.0,10.0,10.0,0.0,20.0,0.0,0.0
disgust-guilt,32,20.0,20.0,80.0,0.0,80.0,0.0,0.0
disgust-guilt,33,0.0,0.0,0.0,0.0,80.0,10.0,0.0
disgust-guilt,34,40.0,0.0,80.0,20.0,80.0,0.0,20.0
disgust-guilt,35,0.0,0.0,0.0,0.0,100.0,0.0,0.0
disgust-guilt,36,0.0,0.0,0.0,0.0,100.0,0.0,0.0
disgust-guilt,37,0.0,0.0,0.0,0.0,100.0,0.0,0.0
disgust-guilt,38,0.0,0.0,0.0,0.0,98.0,0.0,0.0
disgust-guilt,39,0.0,0.0,0.0,0.0,98.0,0.0,0.0
disgust-guilt,40,0.0,0.0,10.0,10.0,20.0,40.0,0.0
disgust-guilt,41,80.0,60.0,80.0,20.0,0.0,90.0,0.0
disgust-guilt,42,60.0,0.0,10.0,0.0,0.0,90.0,20.0
disgust-guilt,43,20.0,0.0,80.0,40.0,0.0,95.0,20.0
disgust-guilt,44,60.0,20.0,20.0,20.0,0.0,80.0,80.0
disgust-guilt,45,60.0,20.0,10.0,0.0,0.0,0.0,0.0
disgust-guilt,46,80.0,20.0,80.0,40.0,0.0,80.0,80.0
disgust-guilt,47,60.0,10.0,40.0,20.0,0.0,90.0,80.0
disgust-guilt,48,20.0,10.0,10.0,80.0,0.0,40.0,90.0
disgust-guilt,49,60.0,20.0,20.0,90.0,0.0,80.0,90.0
disgust-guilt,50,40.0,40.0,4.0,0.0,0.0,0.0,0.0
disgust-guilt,51,40.0,80.0,0.0,0.0,0.0,0.0,40.0
disgust-guilt,52,80.0,20.0,0.0,0.0,80.0,10.0,20.0
disgust-guilt,53,40.0,10.0,0.0,0.0,0.0,20.0,20.0
disgust-guilt,54,80.0,20.0,80.0,0.0,0.0,40.0,90.0
disgust-guilt,55,60.0,10.0,60.0,40.0,0.0,0.0,40.0
disgust-joy,0,40.0,40.0,80.0,80.0,0.0,40.0,80.0
disgust-joy,1,70.0,40.0,20.0,20.0,0.0,80.0,20.0
disgust-joy,2,80.0,40.0,87.0,80.0,0.0,87.0,90.0
disgust-joy,3,90.0,87.0,80.0,80.0,0.0,87.0,90.0
disgust-joy,4,80.0,20.0,87.0,90.0,0.0,87.0,90.0
disgust-joy,5,80.0,40.0,80.0,80.0,0.0,80.0,80.0
disgust-joy,6,80.0,40.0,20.0,20.0,0.0,80.0,40.0
disgust-joy,7,80.0,80.0,40.0,20.0,0.0,40.0,40.0
disgust-joy,8,80.0,80.0,80.0,80.0,0.0,80.0,40.0
disgust-joy,9,90.0,90.0,87.0,20.0,0.0,90.0,90.0
disgust-joy,10,80.0,87.0,90.0,0.0,0.0,40.0,80.0
disgust-joy,11,90.0,90.0,40.0,80.0,0.0,40.0,90.0
disgust-joy,12,80.0,80.0,87.0,0.0,0.0,80.0,80.0
disgust-joy,13,80.0,80.0,80.0,80.0,0.0,80.0,20.0
disgust-joy,14,80.0,40.0,80.0,0.0,0.0,80.0,20.0
disgust-joy,15,80.0,98.0,98.0,0.0,0.0,10.0,20.0
disgust-joy,16,90.0,90.0,80.0,80.0,0.0,90.0,90.0
disgust-joy,17,0.0,40.0,90.0,0.0,0.0,0.0,0.0
disgust-joy,18,20.0,20.0,80.0,80.0,0.0,70.0,80.0
disgust-joy,19,20.0,0.0,80.0,20.0,0.0,87.0,20.0
disgust-joy,20,87.0,87.0,67.0,90.0,0.0,80.0,90.0
disgust-joy,21,80.0,87.0,87.0,20.0,0.0,70.0,80.0
disgust-joy,22,90.0,80.0,90.0,80.0,0.0,80.0,90.0
disgust-joy,23,80.0,0.0,80.0,80.0,0.0,90.0,90.0
disgust-joy,24,90.0,20.0,90.0,98.0,0.0,98.0,98.0
disgust-joy,25,80.0,87.0,40.0,90.0,0.0,90.0,90.0
disgust-joy,26,87.0,87.0,80.0,90.0,0.0,90.0,90.0
disgust-joy,27,96.0,80.0,20.0,20.0,0.0,20.0,20.0
disgust-joy,28,90.0,40.0,0.0,80.0,0.0,40.0,90.0
disgust-joy,29,90.0,40.0,0.0,90.0,0.0,80.0,90.0
disgust-joy,30,40.0,40.0,20.0,20.0,0.0,80.0,80.0
disgust-joy,31,80.0,40.0,67.0,87.0,0.0,87.0,90.0
disgust-joy,32,90.0,40.0,90.0,90.0,0.0,90.0,90.0
disgust-joy,33,20.0,20.0,80.0,20.0,0.0,20.0,20.0
disgust-joy,34,87.0,87.0,20.0,80.0,20.0,40.0,80.0
disgust-joy,35,87.0,90.0,80.0,20.0,0.0,80.0,80.0
disgust-joy,36,90.0,87.0,90.0,80.0,0.0,90.0,90.0
disgust-joy,37,40.0,20.0,80.0,80.0,0.0,80.0,80.0
disgust-joy,38,90.0,40.0,90.0,20.0,0.0,80.0,20.0
disgust-joy,39,90.0,80.0,90.0,90.0,0.0,90.0,90.0
disgust-joy,40,20.0,0.0,20.0,40.0,0.0,98.0,80.0
disgust-joy,41,90.0,87.0,80.0,90.0,0.0,98.0,90.0
disgust-joy,42,80.0,20.0,90.0,80.0,0.0,90.0,90.0
disgust-joy,43,87.0,87.0,90.0,90.0,0.0,90.0,90.0
disgust-joy,44,20.0,20.0,80.0,80.0,0.0,80.0,80.0
disgust-joy,45,80.0,80.0,80.0,40.0,0.0,80.0,80.0
disgust-joy,46,80.0,20.0,90.0,80.0,0.0,90.0,90.0
disgust-joy,47,40.0,20.0,40.0,90.0,0.0,90.0,90.0
disgust-joy,48,40.0,40.0,90.0,20.0,0.0,80.0,80.0
disgust-joy,49,80.0,0.0,80.0,40.0,0.0,80.0,40.0
disgust-joy,50,80.0,40.0,80.0,80.0,0.0,87.0,80.0
disgust-joy,51,40.0,80.0,20.0,80.0,0.0,40.0,90.0
disgust-joy,52,87.0,87.0,87.0,20.0,0.0,87.0,80.0
disgust-joy,53,20.0,0.0,40.0,0.0,0.0,40.0,40.0
disgust-joy,54,80.0,80.0,80.0,80.0,0.0,40.0,90.0
disgust-joy,55,80.0,40.0,80.0,80.0,0.0,80.0,80.0
disgust-sadness,0,80.0,40.0,10.0,20.0,0.0,40.0,80.0
disgust-sadness,1,20.0,0.0,0.0,0.0,90.0,0.0,0.0
disgust-sadness,2,90.0,20.0,0.0,0.0,0.0,20.0,0.0
disgust-sadness,3,90.0,20.0,20.0,0.0,0.0,20.0,0.0
disgust-sadness,4,60.0,0.0,40.0,20.0,0.0,10.0,80.0
disgust-sadness,5,0.0,0.0,20.0,0.0,90.0,0.0,0.0
disgust-sadness,6,98.0,20.0,0.0,0.0,0.0,0.0,0.0
disgust-sadness,7,80.0,20.0,0.0,0.0,0.0,0.0,0.0
disgust-sadness,8,90.0,98.0,20.0,0.0,0.0,20.0,0.0
disgust-sadness,9,40.0,20.0,0.0,0.0,0.0,10.0,0.0
disgust-sadness,10,80.0,20.0,90.0,0.0,0.0,20.0,0.0
disgust-sadness,11,90.0,90.0,80.0,0.0,0.0,0.0,80.0
disgust-sadness,12,90.0,40.0,20.0,0.0,0.0,0.0,0.0
disgust-sadness,13,90.0,90.0,90.0,0.0,0.0,80.0,0.0
disgust-sadness,14,80.0,40.0,40.0,80.0,0.0,10.0,80.0
disgust-sadness,15,90.0,98.0,90.0,0.0,0.0,0.0,10.0
disgust-sadness,16,80.0,40.0,80.0,0.0,0.0,0.0,0.0
disgust-sadness,17,40.0,80.0,90.0,0.0,0.0,10.0,0.0
disgust-sadness,18,80.0,20.0,40.0,0.0,0.0,0.0,0.0
disgust-sadness,19,80.0,0.0,80.0,0.0,0.0,60.0,10.0
disgust-sadness,20,80.0,0.0,80.0,90.0,0.0,20.0,90.0
disgust-sadness,21,60.0,20.0,80.0,0.0,0.0,20.0,20.0
disgust-sadness,22,80.0,20.0,90.0,0.0,0.0,10.0,0.0
disgust-sadness,23,80.0,0.0,98.0,0.0,0.0,0.0,0.0
disgust-sadness,24,0.0,0.0,0.0,80.0,0.0,20.0,90.0
disgust-sadness,25,20.0,40.0,20.0,80.0,0.0,40.0,80.0
disgust-sadness,26,10.0,0.0,10.0,80.0,0.0,10.0,80.0
disgust-sadness,27,20.0,20.0,0.0,90.0,0.0,20.0,90.0
disgust-sadness,28,0.0,0.0,0.0,0.0,98.0,0.0,0.0
disgust-sadness,29,0.0,20.0,0.0,90.0,0.0,10.0,90.0
disgust-sadness,30,0.0,0.0,0.0,90.0,0.0,40.0,90.0
disgust-sadness,31,90.0,0.0,0.0,0.0,0.0,0.0,0.0
disgust-sadness,32,10.0,0.0,0.0,0.0,80.0,0.0,0.0
disgust-sadness,33,0.0,0.0,0.0,0.0,90.0,0.0,0.0
disgust-sadness,34,5.0,0.0,80.0,40.0,80.0,0.0,20.0
disgust-sadness,35,0.0,0.0,0.0,0.0,100.0,0.0,0.0
disgust-sadness,36,0.0,0.0,0.0,0.0,100.0,0.0,0.0
disgust-sadness,37,0.0,0.0,0.0,0.0,100.0,0.0,0.0
disgust-sadness,38,0.0,0.0,0.0,0.0,98.0,0.0,0.0
disgust-sadness,39,0.0,0.0,0.0,0.0,98.0,0.0,0.0
disgust-sadness,40,0.0,0.0,0.0,0.0,80.0,20.0,0.0
disgust-sadness,41,20.0,0.0,40.0,0.0,20.0,80.0,0.0
disgust-sadness,42,98.0,0.0,0.0,0.0,0.0,0.0,0.0
disgust-sadness,43,0.0,0.0,90.0,0.0,20.0,80.0,0.0
disgust-sadness,44,80.0,20.0,60.0,20.0,0.0,80.0,80.0
disgust-sadness,45,90.0,0.0,0.0,0.0,0.0,0.0,0.0
disgust-sadness,46,80.0,0.0,80.0,20.0,0.0,80.0,60.0
disgust-sadness,47,60.0,0.0,0.0,40.0,0.0,20.0,90.0
disgust-sadness,48,20.0,0.0,80.0,80.0,0.0,80.0,90.0
disgust-sadness,49,20.0,0.0,20.0,90.0,0.0,80.0,90.0
disgust-sadness,50,40.0,20.0,0.0,40.0,0.0,40.0,80.0
disgust-sadness,51,0.0,40.0,0.0,20.0,0.0,10.0,98.0
disgust-sadness,52,90.0,0.0,0.0,90.0,0.0,20.0,90.0
disgust-sadness,53,20.0,40.0,20.0,80.0,0.0,80.0,80.0
disgust-sadness,54,60.0,40.0,80.0,20.0,0.0,40.0,90.0
disgust-sadness,55,0.0,10.0,0.0,80.0,0.0,0.0,90.0
disgust-shame,0,20.0,10.0,10.0,10.0,10.0,10.0,20.0
disgust-shame,1,0.0,0.0,0.0,0.0,90.0,0.0,0.0
disgust-shame,2,80.0,0.0,0.0,0.0,0.0,20.0,0.0
disgust-shame,3,10.0,0.0,0.0,0.0,0.0,20.0,0.0
disgust-shame,4,40.0,0.0,20.0,0.0,0.0,10.0,20.0
disgust-shame,5,0.0,0.0,0.0,0.0,80.0,0.0,0.0
disgust-shame,6,20.0,0.0,0.0,0.0,10.0,60.0,0.0
disgust-shame,7,40.0,0.0,0.0,0.0,0.0,10.0,0.0
disgust-shame,8,90.0,80.0,20.0,0.0,0.0,80.0,0.0
disgust-shame,9,60.0,20.0,0.0,0.0,0.0,10.0,0.0
disgust-shame,10,80.0,20.0,80.0,0.0,0.0,40.0,0.0
disgust-shame,11,40.0,90.0,40.0,0.0,0.0,0.0,0.0
disgust-shame,12,80.0,20.0,0.0,0.0,0.0,0.0,0.0
disgust-shame,13,60.0,20.0,70.0,0.0,0.0,10.0,0.0
disgust-shame,14,60.0,40.0,0.0,0.0,0.0,0.0,0.0
disgust-shame,16,80.0,20.0,80.0,0.0,0.0,0.0,0.0
disgust-shame,17,0.0,20.0,60.0,0.0,10.0,0.0,0.0
disgust-shame,18,10.0,10.0,10.0,0.0,0.0,10.0,0.0
disgust-shame,19,40.0,10.0,80.0,20.0,0.0,40.0,20.0
disgust-shame,20,80.0,0.0,80.0,80.0,0.0,20.0,80.0
disgust-shame,21,60.0,20.0,80.0,0.0,0.0,20.0,0.0
disgust-shame,22,90.0,40.0,80.0,0.0,0.0,10.0,0.0
disgust-shame,23,0.0,0.0,10.0,0.0,98.0,0.0,0.0
disgust-shame,24,10.0,0.0,0.0,80.0,10.0,70.0,20.0
disgust-shame,25,20.0,10.0,0.0,40.0,0.0,20.0,40.0
disgust-shame,26,20.0,0.0,0.0,80.0,0.0,20.0,80.0
disgust-shame,27,0.0,0.0,0.0,40.0,40.0,30.0,20.0
disgust-shame,28,0.0,0.0,0.0,20.0,80.0,10.0,0.0
disgust-shame,29,20.0,5.0,0.0,20.0,20.0,20.0,20.0
disgust-shame,30,0.0,0.0,0.0,0.0,20.0,20.0,0.0
disgust-shame,31,80.0,0.0,0.0,60.0,0.0,10.0,40.0
disgust-shame,32,0.0,0.0,0.0,0.0,90.0,0.0,0.0
disgust-shame,33,0.0,0.0,0.0,0.0,90.0,0.0,0.0
disgust-shame,34,0.0,0.0,0.0,0.0,80.0,20.0,0.0
disgust-shame,35,0.0,0.0,0.0,0.0,100.0,0.0,0.0
disgust-shame,36,0.0,0.0,0.0,0.0,100.0,0.0,0.0
disgust-shame,37,0.0,0.0,0.0,0.0,98.0,0.0,0.0
disgust-shame,38,0.0,0.0,0.0,0.0,90.0,0.0,0.0
disgust-shame,39,0.0,0.0,0.0,0.0,98.0,0.0,0.0
disgust-shame,40,0.0,0.0,0.0,0.0,80.0,20.0,0.0
disgust-shame,41,10.0,0.0,40.0,20.0,0.0,90.0,0.0
disgust-shame,42,60.0,0.0,0.0,0.0,10.0,80.0,10.0
disgust-shame,43,0.0,0.0,0.0,0.0,20.0,80.0,0.0
disgust-shame,44,10.0,0.0,0.0,0.0,20.0,30.0,0.0
disgust-shame,45,40.0,10.0,0.0,0.0,0.0,60.0,0.0
disgust-shame,46,40.0,0.0,0.0,10.0,0.0,80.0,20.0
disgust-shame,47,10.0,0.0,0.0,20.0,0.0,40.0,20.0
disgust-shame,48,60.0,0.0,0.0,20.0,0.0,20.0,80.0
disgust-shame,49,20.0,0.0,20.0,20.0,0.0,40.0,20.0
disgust-shame,50,0.0,0.0,0.0,0.0,20.0,0.0,0.0
disgust-shame,51,40.0,80.0,0.0,0.0,0.0,20.0,20.0
disgust-shame,52,80.0,0.0,0.0,0.0,0.0,10.0,20.0
disgust-shame,53,20.0,0.0,0.0,20.0,0.0,10.0,20.0
disgust-shame,54,10.0,0.0,10.0,0.0,85.0,20.0,0.0
disgust-shame,55,20.0,0.0,0.0,60.0,0.0,30.0,40.0
fear-anger,0,0.0,0.0,80.0,20.0,0.0,20.0,20.0
fear-anger,1,10.0,20.0,80.0,80.0,0.0,40.0,80.0
fear-anger,2,60.0,20.0,80.0,40.0,0.0,80.0,40.0
fear-anger,3,20.0,10.0,80.0,60.0,0.0,80.0,40.0
fear-anger,4,0.0,0.0,90.0,90.0,0.0,40.0,90.0
fear-anger,5,20.0,0.0,80.0,80.0,0.0,90.0,20.0
fear-anger,6,80.0,20.0,80.0,0.0,0.0,80.0,0.0
fear-anger,7,0.0,0.0,80.0,40.0,0.0,80.0,80.0
fear-anger,8,20.0,60.0,90.0,20.0,0.0,90.0,0.0
fear-anger,9,10.0,0.0,40.0,20.0,0.0,20.0,20.0
fear-anger,10,80.0,40.0,98.0,0.0,0.0,80.0,0.0
fear-anger,11,20.0,60.0,80.0,0.0,0.0,20.0,0.0
fear-anger,12,20.0,40.0,90.0,20.0,0.0,80.0,20.0
fear-anger,13,20.0,20.0,90.0,20.0,0.0,60.0,20.0
fear-anger,14,40.0,40.0,87.0,20.0,0.0,60.0,40.0
fear-anger,15,0.0,40.0,60.0,20.0,0.0,0.0,0.0
fear-anger,16,20.0,0.0,90.0,20.0,0.0,40.0,20.0
fear-anger,17,0.0,20.0,80.0,0.0,0.0,0.0,0.0
fear-anger,18,0.0,0.0,80.0,0.0,0.0,20.0,0.0
fear-anger,19,20.0,20.0,85.0,20.0,0.0,87.0,20.0
fear-anger,20,20.0,0.0,90.0,90.0,0.0,80.0,90.0
fear-anger,21,40.0,40.0,90.0,80.0,0.0,87.0,90.0
fear-anger,22,20.0,0.0,90.0,0.0,0.0,10.0,0.0
fear-anger,23,0.0,20.0,90.0,0.0,0.0,40.0,0.0
fear-anger,24,0.0,0.0,20.0,90.0,0.0,80.0,80.0
fear-anger,25,0.0,0.0,20.0,80.0,0.0,20.0,60.0
fear-anger,26,10.0,0.0,90.0,90.0,0.0,20.0,90.0
fear-anger,27,10.0,0.0,20.0,80.0,0.0,60.0,60.0
fear-anger,28,0.0,0.0,10.0,80.0,0.0,30.0,80.0
fear-anger,29,10.0,10.0,90.0,90.0,0.0,80.0,90.0
fear-anger,30,0.0,0.0,60.0,60.0,0.0,70.0,40.0
fear-anger,31,40.0,0.0,60.0,90.0,0.0,20.0,90.0
fear-anger,32,0.0,0.0,95.0,0.0,0.0,90.0,0.0
fear-anger,33,0.0,0.0,60.0,0.0,0.0,40.0,0.0
fear-anger,34,0.0,0.0,60.0,20.0,60.0,0.0,10.0
fear-anger,35,0.0,0.0,0.0,0.0,98.0,0.0,0.0
fear-anger,36,0.0,0.0,20.0,0.0,80.0,0.0,0.0
fear-anger,37,0.0,0.0,40.0,0.0,60.0,0.0,0.0
fear-anger,38,0.0,0.0,70.0,0.0,20.0,0.0,0.0
fear-anger,39,0.0,0.0,20.0,0.0,80.0,0.0,0.0
fear-anger,40,0.0,0.0,20.0,0.0,0.0,80.0,0.0
fear-anger,41,20.0,0.0,87.0,80.0,0.0,98.0,20.0
fear-anger,42,20.0,0.0,80.0,40.0,0.0,90.0,80.0
fear-anger,43,10.0,0.0,90.0,40.0,0.0,90.0,20.0
fear-anger,44,10.0,10.0,40.0,20.0,0.0,80.0,80.0
fear-anger,45,20.0,0.0,90.0,20.0,0.0,80.0,0.0
fear-anger,46,20.0,0.0,60.0,20.0,0.0,90.0,40.0
fear-anger,47,20.0,0.0,70.0,80.0,0.0,60.0,80.0
fear-anger,48,0.0,0.0,80.0,80.0,0.0,40.0,90.0
fear-anger,49,10.0,10.0,80.0,90.0,0.0,80.0,90.0
fear-anger,50,10.0,0.0,80.0,40.0,0.0,80.0,80.0
fear-anger,51,20.0,80.0,90.0,90.0,0.0,80.0,90.0
fear-anger,52,20.0,20.0,87.0,80.0,0.0,87.0,90.0
fear-anger,53,10.0,0.0,80.0,40.0,0.0,40.0,80.0
fear-anger,54,10.0,0.0,90.0,0.0,0.0,40.0,40.0
fear-anger,55,0.0,0.0,40.0,90.0,0.0,20.0,80.0
fear-disgust,0,0.0,0.0,80.0,0.0,0.0,20.0,10.0
fear-disgust,1,0.0,0.0,40.0,40.0,0.0,20.0,20.0
fear-disgust,2,20.0,0.0,80.0,80.0,0.0,87.0,40.0
fear-disgust,3,20.0,0.0,40.0,20.0,0.0,80.0,20.0
fear-disgust,4,10.0,0.0,85.0,80.0,0.0,40.0,90.0
fear-disgust,5,10.0,0.0,60.0,20.0,0.0,40.0,20.0
fear-disgust,6,20.0,0.0,60.0,20.0,0.0,70.0,20.0
fear-disgust,7,10.0,0.0,10.0,10.0,0.0,0.0,10.0
fear-disgust,8,20.0,40.0,80.0,80.0,0.0,90.0,40.0
fear-disgust,9,20.0,0.0,0.0,0.0,0.0,10.0,0.0
fear-disgust,10,20.0,0.0,80.0,20.0,0.0,80.0,0.0
fear-disgust,11,20.0,40.0,80.0,0.0,0.0,0.0,0.0
fear-disgust,12,5.0,0.0,20.0,20.0,0.0,20.0,0.0
fear-disgust,13,80.0,80.0,90.0,80.0,0.0,80.0,20.0
fear-disgust,14,0.0,0.0,70.0,20.0,0.0,20.0,20.0
fear-disgust,15,0.0,60.0,80.0,0.0,0.0,0.0,0.0
fear-disgust,16,0.0,0.0,60.0,0.0,0.0,0.0,0.0
fear-disgust,17,0.0,20.0,60.0,0.0,0.0,0.0,0.0
fear-disgust,18,0.0,0.0,80.0,20.0,0.0,70.0,0.0
fear-disgust,19,0.0,0.0,80.0,0.0,0.0,80.0,0.0
fear-disgust,20,20.0,0.0,60.0,90.0,0.0,40.0,80.0
fear-disgust,21,40.0,20.0,80.0,20.0,0.0,40.0,40.0
fear-disgust,22,20.0,0.0,90.0,0.0,0.0,0.0,0.0
fear-disgust,23,0.0,20.0,80.0,0.0,0.0,20.0,0.0
fear-disgust,24,0.0,0.0,10.0,90.0,0.0,80.0,80.0
fear-disgust,25,0.0,0.0,30.0,80.0,0.0,20.0,40.0
fear-disgust,26,0.0,0.0,80.0,80.0,0.0,20.0,80.0
fear-disgust,27,0.0,0.0,10.0,60.0,0.0,20.0,20.0
fear-disgust,28,0.0,0.0,10.0,20.0,0.0,20.0,10.0
fear-disgust,29,10.0,0.0,40.0,60.0,0.0,60.0,60.0
fear-disgust,30,0.0,0.0,40.0,80.0,0.0,80.0,80.0
fear-disgust,31,10.0,0.0,80.0,90.0,0.0,40.0,90.0
fear-disgust,32,0.0,0.0,40.0,0.0,80.0,20.0,0.0
fear-disgust,33,0.0,0.0,0.0,0.0,80.0,40.0,0.0
fear-disgust,34,0.0,0.0,20.0,20.0,80.0,0.0,0.0
fear-disgust,35,0.0,0.0,10.0,0.0,80.0,0.0,0.0
fear-disgust,36,0.0,0.0,20.0,0.0,80.0,0.0,0.0
fear-disgust,37,0.0,0.0,10.0,0.0,80.0,0.0,0.0
fear-disgust,38,0.0,0.0,60.0,0.0,60.0,0.0,0.0
fear-disgust,39,0.0,0.0,20.0,0.0,80.0,0.0,0.0
fear-disgust,40,0.0,0.0,10.0,0.0,20.0,40.0,0.0
fear-disgust,41,20.0,0.0,80.0,0.0,0.0,90.0,0.0
fear-disgust,42,20.0,0.0,20.0,20.0,0.0,70.0,20.0
fear-disgust,43,10.0,0.0,80.0,20.0,0.0,80.0,10.0
fear-disgust,44,10.0,0.0,10.0,10.0,0.0,20.0,10.0
fear-disgust,45,0.0,0.0,80.0,0.0,0.0,80.0,0.0
fear-disgust,46,20.0,0.0,20.0,20.0,20.0,70.0,20.0
fear-disgust,47,0.0,0.0,20.0,20.0,0.0,60.0,20.0
fear-disgust,48,0.0,0.0,90.0,80.0,0.0,40.0,80.0
fear-disgust,49,20.0,0.0,85.0,90.0,0.0,80.0,87.0
fear-disgust,50,0.0,0.0,10.0,20.0,0.0,20.0,20.0
fear-disgust,51,0.0,40.0,20.0,20.0,0.0,0.0,80.0
fear-disgust,52,10.0,0.0,80.0,20.0,0.0,80.0,60.0
fear-disgust,53,10.0,0.0,60.0,80.0,0.0,80.0,80.0
fear-disgust,54,10.0,0.0,60.0,20.0,5.0,40.0,80.0
fear-disgust,55,10.0,0.0,20.0,90.0,0.0,20.0,80.0
fear-guilt,0,0.0,0.0,80.0,0.0,0.0,0.0,0.0
fear-guilt,1,0.0,0.0,80.0,80.0,0.0,0.0,80.0
fear-guilt,2,80.0,20.0,87.0,20.0,0.0,87.0,20.0
fear-guilt,3,20.0,0.0,40.0,60.0,0.0,40.0,40.0
fear-guilt,4,20.0,0.0,90.0,90.0,0.0,40.0,90.0
fear-guilt,5,20.0,20.0,90.0,20.0,80.0,20.0,20.0
fear-guilt,6,80.0,0.0,90.0,20.0,0.0,90.0,20.0
fear-guilt,7,20.0,10.0,60.0,20.0,0.0,20.0,20.0
fear-guilt,8,20.0,40.0,90.0,20.0,0.0,90.0,0.0
fear-guilt,9,20.0,0.0,20.0,0.0,20.0,0.0,0.0
fear-guilt,10,80.0,20.0,100.0,0.0,0.0,40.0,0.0
fear-guilt,11,20.0,40.0,98.0,0.0,0.0,10.0,0.0
fear-guilt,12,20.0,0.0,80.0,0.0,0.0,20.0,0.0
fear-guilt,13,20.0,20.0,90.0,0.0,0.0,20.0,0.0
fear-guilt,14,40.0,0.0,90.0,0.0,0.0,40.0,20.0
fear-guilt,15,0.0,80.0,90.0,0.0,0.0,0.0,0.0
fear-guilt,16,20.0,0.0,90.0,20.0,0.0,20.0,0.0
fear-guilt,17,0.0,40.0,85.0,0.0,0.0,0.0,0.0
fear-guilt,19,0.0,20.0,90.0,0.0,0.0,40.0,0.0
fear-guilt,20,20.0,10.0,80.0,80.0,0.0,20.0,80.0
fear-guilt,21,80.0,20.0,90.0,0.0,0.0,10.0,20.0
fear-guilt,22,40.0,0.0,90.0,0.0,0.0,0.0,0.0
fear-guilt,23,0.0,20.0,98.0,0.0,0.0,0.0,0.0
fear-guilt,24,0.0,0.0,0.0,80.0,0.0,80.0,60.0
fear-guilt,25,10.0,0.0,80.0,80.0,0.0,20.0,80.0
fear-guilt,26,10.0,0.0,40.0,80.0,0.0,20.0,80.0
fear-guilt,27,0.0,0.0,10.0,40.0,0.0,20.0,40.0
fear-guilt,28,0.0,0.0,20.0,40.0,20.0,0.0,20.0
fear-guilt,29,20.0,10.0,80.0,80.0,0.0,40.0,80.0
fear-guilt,30,10.0,0.0,40.0,60.0,0.0,60.0,40.0
fear-guilt,31,20.0,0.0,80.0,80.0,0.0,20.0,80.0
fear-guilt,32,0.0,0.0,20.0,0.0,80.0,0.0,0.0
fear-guilt,33,0.0,0.0,60.0,0.0,20.0,0.0,0.0
fear-guilt,34,0.0,0.0,80.0,10.0,20.0,0.0,0.0
fear-guilt,35,0.0,0.0,0.0,0.0,98.0,0.0,0.0
fear-guilt,36,0.0,0.0,20.0,0.0,90.0,0.0,0.0
fear-guilt,37,0.0,0.0,0.0,0.0,98.0,0.0,0.0
fear-guilt,39,0.0,0.0,0.0,0.0,98.0,0.0,0.0
fear-guilt,40,0.0,0.0,0.0,0.0,20.0,40.0,0.0
fear-guilt,41,0.0,0.0,80.0,0.0,20.0,90.0,0.0
fear-guilt,42,10.0,0.0,10.0,0.0,10.0,60.0,20.0
fear-guilt,43,20.0,0.0,90.0,20.0,0.0,90.0,20.0
fear-guilt,44,20.0,20.0,80.0,20.0,0.0,60.0,60.0
fear-guilt,45,20.0,0.0,90.0,20.0,0.0,40.0,0.0
fear-guilt,46,20.0,0.0,80.0,0.0,0.0,80.0,40.0
fear-guilt,47,10.0,0.0,80.0,20.0,0.0,60.0,20.0
fear-guilt,48,10.0,0.0,80.0,80.0,0.0,20.0,90.0
fear-guilt,49,20.0,0.0,90.0,20.0,0.0,40.0,80.0
fear-guilt,50,0.0,0.0,80.0,20.0,0.0,80.0,20.0
fear-guilt,51,20.0,20.0,80.0,40.0,0.0,10.0,80.0
fear-guilt,52,20.0,10.0,87.0,80.0,0.0,80.0,80.0
fear-guilt,53,10.0,0.0,80.0,20.0,0.0,20.0,20.0
fear-guilt,54,0.0,0.0,60.0,0.0,20.0,0.0,40.0
fear-guilt,55,10.0,0.0,40.0,80.0,0.0,20.0,90.0
fear-joy,0,0.0,0.0,80.0,0.0,0.0,20.0,0.0
fear-joy,1,60.0,20.0,87.0,80.0,0.0,87.0,80.0
fear-joy,2,80.0,0.0,40.0,80.0,0.0,80.0,20.0
fear-joy,3,80.0,20.0,67.0,80.0,0.0,80.0,80.0
fear-joy,4,20.0,0.0,80.0,80.0,0.0,80.0,87.0
fear-joy,5,10.0,0.0,20.0,20.0,0.0,80.0,40.0
fear-joy,6,40.0,20.0,60.0,20.0,0.0,80.0,40.0
fear-joy,7,0.0,0.0,20.0,0.0,0.0,20.0,0.0
fear-joy,8,80.0,20.0,87.0,80.0,0.0,87.0,80.0
fear-joy,9,20.0,40.0,60.0,20.0,0.0,40.0,20.0
fear-joy,10,20.0,87.0,98.0,0.0,0.0,20.0,0.0
fear-joy,11,20.0,20.0,80.0,0.0,0.0,20.0,0.0
fear-joy,12,80.0,40.0,80.0,80.0,0.0,80.0,80.0
fear-joy,13,20.0,80.0,80.0,20.0,0.0,40.0,20.0
fear-joy,14,80.0,40.0,87.0,20.0,0.0,80.0,80.0
fear-joy,15,10.0,80.0,40.0,0.0,0.0,10.0,20.0
fear-joy,16,20.0,20.0,80.0,0.0,0.0,20.0,0.0
fear-joy,17,20.0,40.0,87.0,0.0,0.0,0.0,0.0
fear-joy,18,40.0,40.0,87.0,80.0,0.0,87.0,40.0
fear-joy,19,40.0,10.0,87.0,40.0,0.0,95.0,40.0
fear-joy,20,40.0,20.0,80.0,80.0,0.0,80.0,90.0
fear-joy,21,80.0,80.0,98.0,20.0,0.0,90.0,90.0
fear-joy,22,20.0,0.0,87.0,80.0,0.0,40.0,40.0
fear-joy,23,40.0,80.0,90.0,0.0,0.0,40.0,20.0
fear-joy,24,40.0,20.0,80.0,90.0,0.0,90.0,90.0
fear-joy,25,20.0,80.0,80.0,80.0,0.0,80.0,80.0
fear-joy,26,40.0,40.0,80.0,90.0,0.0,80.0,90.0
fear-joy,27,40.0,20.0,67.0,80.0,0.0,80.0,80.0
fear-joy,28,20.0,0.0,80.0,40.0,20.0,80.0,20.0
fear-joy,29,80.0,0.0,90.0,90.0,0.0,40.0,90.0
fear-joy,30,20.0,20.0,87.0,80.0,0.0,90.0,80.0
fear-joy,31,40.0,20.0,87.0,80.0,0.0,80.0,80.0
fear-joy,32,20.0,80.0,87.0,20.0,0.0,80.0,40.0
fear-joy,33,20.0,10.0,80.0,20.0,0.0,60.0,20.0
fear-joy,34,20.0,20.0,80.0,90.0,0.0,98.0,90.0
fear-joy,35,0.0,0.0,80.0,20.0,90.0,40.0,20.0
fear-joy,36,20.0,0.0,40.0,20.0,0.0,80.0,20.0
fear-joy,38,40.0,20.0,87.0,80.0,0.0,87.0,90.0
fear-joy,39,40.0,20.0,87.0,80.0,0.0,80.0,40.0
fear-joy,40,80.0,20.0,80.0,80.0,0.0,90.0,80.0
fear-joy,41,20.0,40.0,90.0,90.0,0.0,98.0,80.0
fear-joy,42,80.0,20.0,87.0,20.0,0.0,90.0,80.0
fear-joy,43,80.0,0.0,87.0,90.0,0.0,98.0,80.0
fear-joy,44,40.0,20.0,87.0,90.0,0.0,87.0,90.0
fear-joy,45,40.0,67.0,87.0,90.0,0.0,90.0,80.0
fear-joy,46,80.0,0.0,80.0,80.0,0.0,80.0,80.0
fear-joy,47,80.0,0.0,90.0,90.0,0.0,90.0,90.0
fear-joy,48,20.0,20.0,87.0,80.0,0.0,80.0,80.0
fear-joy,49,20.0,0.0,87.0,80.0,0.0,80.0,80.0
fear-joy,50,40.0,20.0,87.0,87.0,0.0,90.0,80.0
fear-joy,51,20.0,87.0,80.0,90.0,0.0,40.0,98.0
fear-joy,52,20.0,20.0,87.0,80.0,0.0,78.0,80.0
fear-joy,53,20.0,20.0,80.0,80.0,0.0,87.0,90.0
fear-joy,54,20.0,40.0,80.0,40.0,0.0,40.0,80.0
fear-joy,55,20.0,20.0,40.0,80.0,0.0,87.0,80.0
fear-sadness,0,10.0,0.0,90.0,0.0,0.0,10.0,10.0
fear-sadness,1,20.0,0.0,40.0,80.0,0.0,10.0,80.0
fear-sadness,2,20.0,10.0,20.0,20.0,0.0,60.0,0.0
fear-sadness,3,10.0,0.0,40.0,20.0,0.0,60.0,20.0
fear-sadness,4,10.0,0.0,90.0,80.0,0.0,20.0,90.0
fear-sadness,5,0.0,0.0,20.0,0.0,40.0,0.0,0.0
fear-sadness,6,20.0,0.0,40.0,0.0,0.0,40.0,0.0
fear-sadness,7,20.0,0.0,10.0,20.0,0.0,20.0,20.0
fear-sadness,8,80.0,90.0,90.0,0.0,0.0,90.0,0.0
fear-sadness,9,60.0,20.0,0.0,0.0,0.0,0.0,0.0
fear-sadness,10,80.0,20.0,90.0,0.0,0.0,80.0,0.0
fear-sadness,11,40.0,80.0,90.0,0.0,0.0,40.0,20.0
fear-sadness,12,80.0,20.0,0.0,0.0,0.0,10.0,0.0
fear-sadness,13,20.0,10.0,80.0,0.0,0.0,10.0,0.0
fear-sadness,14,60.0,0.0,80.0,0.0,0.0,10.0,0.0
fear-sadness,15,10.0,40.0,60.0,0.0,0.0,0.0,0.0
fear-sadness,16,40.0,0.0,90.0,20.0,0.0,20.0,0.0
fear-sadness,17,0.0,20.0,60.0,0.0,0.0,0.0,0.0
fear-sadness,18,0.0,0.0,80.0,0.0,0.0,40.0,0.0
fear-sadness,19,0.0,0.0,80.0,0.0,0.0,60.0,0.0
fear-sadness,20,20.0,0.0,80.0,80.0,0.0,40.0,80.0
fear-sadness,21,20.0,0.0,80.0,0.0,0.0,0.0,0.0
fear-sadness,22,20.0,0.0,80.0,0.0,0.0,0.0,0.0
fear-sadness,23,0.0,40.0,80.0,0.0,0.0,20.0,0.0
fear-sadness,24,10.0,0.0,20.0,80.0,0.0,80.0,80.0
fear-sadness,25,10.0,20.0,40.0,80.0,0.0,20.0,80.0
fear-sadness,26,10.0,0.0,90.0,80.0,0.0,10.0,80.0
fear-sadness,27,0.0,0.0,10.0,90.0,0.0,60.0,80.0
fear-sadness,28,0.0,0.0,0.0,0.0,90.0,0.0,0.0
fear-sadness,29,20.0,0.0,60.0,80.0,0.0,60.0,80.0
fear-sadness,30,0.0,0.0,10.0,20.0,20.0,10.0,20.0
fear-sadness,31,60.0,0.0,90.0,80.0,0.0,20.0,40.0
fear-sadness,32,0.0,0.0,0.0,0.0,90.0,0.0,0.0
fear-sadness,33,0.0,0.0,10.0,0.0,20.0,0.0,0.0
fear-sadness,34,0.0,0.0,80.0,80.0,80.0,0.0,40.0
fear-sadness,35,0.0,0.0,0.0,0.0,100.0,0.0,0.0
fear-sadness,36,0.0,0.0,0.0,0.0,98.0,0.0,0.0
fear-sadness,37,0.0,0.0,0.0,0.0,98.0,0.0,0.0
fear-sadness,38,0.0,0.0,10.0,0.0,98.0,0.0,0.0
fear-sadness,39,0.0,0.0,0.0,0.0,98.0,0.0,0.0
fear-sadness,40,0.0,0.0,0.0,0.0,80.0,20.0,0.0
fear-sadness,41,0.0,0.0,20.0,0.0,20.0,80.0,0.0
fear-sadness,42,20.0,0.0,20.0,0.0,0.0,40.0,20.0
fear-sadness,43,0.0,0.0,90.0,20.0,0.0,80.0,0.0
fear-sadness,44,20.0,0.0,20.0,20.0,0.0,70.0,40.0
fear-sadness,45,20.0,0.0,90.0,90.0,0.0,40.0,80.0
fear-sadness,46,20.0,0.0,80.0,20.0,0.0,80.0,20.0
fear-sadness,47,10.0,0.0,20.0,20.0,0.0,40.0,40.0
fear-sadness,48,0.0,0.0,80.0,80.0,0.0,20.0,90.0
fear-sadness,49,0.0,0.0,80.0,80.0,0.0,40.0,80.0
fear-sadness,50,0.0,0.0,80.0,10.0,0.0,20.0,40.0
fear-sadness,51,10.0,40.0,0.0,20.0,0.0,10.0,80.0
fear-sadness,52,60.0,0.0,80.0,10.0,0.0,40.0,60.0
fear-sadness,53,10.0,0.0,80.0,20.0,0.0,20.0,40.0
fear-sadness,54,20.0,0.0,40.0,40.0,20.0,20.0,80.0
fear-sadness,55,0.0,0.0,80.0,80.0,0.0,0.0,80.0
fear-shame,0,0.0,0.0,80.0,0.0,0.0,10.0,10.0
fear-shame,1,0.0,0.0,0.0,20.0,0.0,10.0,20.0
fear-shame,2,40.0,0.0,20.0,0.0,0.0,80.0,0.0
fear-shame,3,20.0,20.0,60.0,20.0,0.0,80.0,20.0
fear-shame,4,0.0,0.0,40.0,0.0,0.0,10.0,0.0
fear-shame,5,10.0,0.0,40.0,20.0,0.0,60.0,20.0
fear-shame,6,40.0,0.0,20.0,0.0,0.0,70.0,10.0
fear-shame,7,10.0,0.0,20.0,10.0,0.0,10.0,0.0
fear-shame,8,60.0,40.0,60.0,0.0,0.0,20.0,0.0
fear-shame,9,20.0,0.0,10.0,0.0,20.0,10.0,0.0
fear-shame,11,40.0,60.0,80.0,0.0,0.0,20.0,0.0
fear-shame,12,20.0,0.0,0.0,0.0,0.0,20.0,0.0
fear-shame,13,80.0,40.0,80.0,0.0,0.0,40.0,0.0
fear-shame,14,20.0,10.0,60.0,0.0,0.0,20.0,0.0
fear-shame,15,10.0,40.0,60.0,0.0,0.0,0.0,0.0
fear-shame,16,20.0,20.0,80.0,40.0,0.0,20.0,20.0
fear-shame,17,0.0,20.0,60.0,0.0,0.0,0.0,0.0
fear-shame,18,0.0,20.0,90.0,0.0,0.0,20.0,0.0
fear-shame,19,20.0,0.0,80.0,20.0,0.0,60.0,0.0
fear-shame,20,80.0,0.0,40.0,40.0,0.0,0.0,40.0
fear-shame,21,20.0,0.0,80.0,0.0,0.0,40.0,0.0
fear-shame,22,10.0,0.0,85.0,0.0,0.0,0.0,0.0
fear-shame,23,0.0,20.0,40.0,0.0,20.0,10.0,0.0
fear-shame,24,0.0,0.0,0.0,80.0,0.0,60.0,60.0
fear-shame,25,0.0,0.0,20.0,60.0,20.0,20.0,40.0
fear-shame,26,0.0,0.0,60.0,80.0,0.0,20.0,60.0
fear-shame,27,0.0,0.0,10.0,40.0,0.0,20.0,20.0
fear-shame,28,0.0,0.0,0.0,20.0,60.0,0.0,0.0
fear-shame,29,20.0,20.0,20.0,20.0,5.0,40.0,40.0
fear-shame,30,0.0,0.0,20.0,10.0,20.0,20.0,0.0
fear-shame,31,60.0,0.0,0.0,30.0,0.0,20.0,30.0
fear-shame,32,0.0,0.0,40.0,0.0,80.0,0.0,0.0
fear-shame,33,0.0,0.0,0.0,0.0,80.0,0.0,0.0
fear-shame,34,0.0,0.0,20.0,20.0,80.0,10.0,0.0
fear-shame,35,0.0,0.0,0.0,0.0,90.0,0.0,0.0
fear-shame,36,0.0,0.0,0.0,0.0,90.0,0.0,0.0
fear-shame,37,0.0,0.0,0.0,0.0,90.0,0.0,0.0
fear-shame,38,0.0,0.0,20.0,0.0,80.0,0.0,0.0
fear-shame,39,0.0,0.0,0.0,0.0,90.0,0.0,0.0
fear-shame,40,0.0,0.0,0.0,0.0,20.0,40.0,0.0
fear-shame,41,10.0,0.0,60.0,20.0,0.0,80.0,0.0
fear-shame,42,10.0,0.0,20.0,0.0,10.0,60.0,20.0
fear-shame,43,0.0,0.0,80.0,20.0,10.0,80.0,0.0
fear-shame,44,10.0,0.0,10.0,20.0,0.0,40.0,20.0
fear-shame,45,10.0,0.0,80.0,20.0,0.0,60.0,0.0
fear-shame,46,20.0,0.0,20.0,10.0,10.0,60.0,20.0
fear-shame,47,0.0,0.0,0.0,10.0,0.0,20.0,10.0
fear-shame,48,10.0,0.0,80.0,40.0,0.0,40.0,60.0
fear-shame,49,20.0,0.0,60.0,60.0,0.0,80.0,60.0
fear-shame,50,0.0,0.0,10.0,10.0,0.0,20.0,10.0
fear-shame,51,0.0,20.0,10.0,0.0,0.0,10.0,20.0
fear-shame,52,40.0,0.0,40.0,20.0,0.0,40.0,20.0
fear-shame,53,20.0,0.0,20.0,40.0,0.0,30.0,20.0
fear-shame,54,20.0,0.0,80.0,0.0,20.0,20.0,0.0
fear-shame,55,0.0,0.0,60.0,80.0,0.0,0.0,80.0
guilt-anger,0,0.0,0.0,40.0,40.0,0.0,30.0,40.0
guilt-anger,1,0.0,0.0,0.0,80.0,0.0,60.0,80.0
guilt-anger,2,20.0,0.0,40.0,40.0,0.0,80.0,20.0
guilt-anger,3,20.0,0.0,60.0,80.0,0.0,80.0,40.0
guilt-anger,4,0.0,0.0,40.0,40.0,0.0,40.0,80.0
guilt-anger,5,0.0,0.0,10.0,80.0,0.0,80.0,80.0
guilt-anger,6,20.0,0.0,0.0,20.0,0.0,80.0,20.0
guilt-anger,7,10.0,0.0,20.0,60.0,0.0,40.0,40.0
guilt-anger,8,20.0,80.0,60.0,80.0,0.0,90.0,20.0
guilt-anger,9,20.0,10.0,0.0,20.0,0.0,20.0,20.0
guilt-anger,10,0.0,0.0,0.0,20.0,0.0,80.0,10.0
guilt-anger,11,20.0,20.0,40.0,80.0,0.0,80.0,80.0
guilt-anger,12,5.0,0.0,10.0,20.0,0.0,20.0,0.0
guilt-anger,13,20.0,40.0,40.0,90.0,0.0,80.0,80.0
guilt-anger,14,20.0,10.0,40.0,80.0,0.0,80.0,80.0
guilt-anger,15,0.0,10.0,10.0,30.0,0.0,10.0,10.0
guilt-anger,16,20.0,10.0,80.0,80.0,0.0,40.0,80.0
guilt-anger,17,10.0,40.0,80.0,10.0,0.0,20.0,0.0
guilt-anger,18,10.0,10.0,60.0,40.0,0.0,80.0,40.0
guilt-anger,19,10.0,0.0,70.0,20.0,0.0,80.0,20.0
guilt-anger,20,0.0,0.0,40.0,90.0,0.0,80.0,80.0
guilt-anger,21,20.0,0.0,80.0,40.0,0.0,80.0,40.0
guilt-anger,22,10.0,0.0,80.0,20.0,0.0,20.0,20.0
guilt-anger,23,0.0,0.0,60.0,40.0,20.0,30.0,20.0
guilt-anger,24,0.0,0.0,10.0,90.0,0.0,80.0,80.0
guilt-anger,25,0.0,0.0,10.0,80.0,0.0,60.0,80.0
guilt-anger,26,0.0,0.0,40.0,90.0,0.0,40.0,80.0
guilt-anger,27,0.0,0.0,10.0,90.0,0.0,80.0,80.0
guilt-anger,28,10.0,0.0,10.0,80.0,0.0,40.0,80.0
guilt-anger,29,0.0,0.0,0.0,90.0,0.0,60.0,90.0
guilt-anger,30,0.0,0.0,20.0,90.0,0.0,60.0,80.0
guilt-anger,31,0.0,0.0,20.0,90.0,0.0,80.0,80.0
guilt-anger,32,0.0,0.0,0.0,0.0,80.0,0.0,0.0
guilt-anger,33,0.0,0.0,0.0,60.0,20.0,40.0,30.0
guilt-anger,34,0.0,0.0,20.0,80.0,20.0,20.0,20.0
guilt-anger,35,0.0,0.0,0.0,0.0,98.0,0.0,0.0
guilt-anger,37,0.0,0.0,5.0,0.0,80.0,0.0,0.0
guilt-anger,38,0.0,0.0,20.0,20.0,0.0,20.0,0.0
guilt-anger,39,0.0,0.0,0.0,0.0,80.0,0.0,0.0
guilt-anger,40,0.0,0.0,0.0,0.0,20.0,40.0,0.0
guilt-anger,41,10.0,0.0,40.0,90.0,0.0,98.0,80.0
guilt-anger,42,10.0,0.0,20.0,40.0,0.0,70.0,40.0
guilt-anger,43,0.0,0.0,80.0,20.0,0.0,90.0,0.0
guilt-anger,44,10.0,0.0,10.0,70.0,0.0,80.0,40.0
guilt-anger,45,0.0,0.0,10.0,0.0,0.0,40.0,0.0
guilt-anger,46,40.0,0.0,60.0,80.0,0.0,90.0,80.0
guilt-anger,47,0.0,0.0,20.0,40.0,0.0,40.0,40.0
guilt-anger,48,0.0,0.0,20.0,80.0,0.0,20.0,80.0
guilt-anger,49,0.0,0.0,20.0,90.0,0.0,80.0,90.0
guilt-anger,50,0.0,0.0,10.0,80.0,0.0,40.0,60.0
guilt-anger,51,0.0,40.0,0.0,40.0,0.0,20.0,40.0
guilt-anger,52,0.0,0.0,10.0,80.0,0.0,60.0,70.0
guilt-anger,53,10.0,0.0,20.0,80.0,0.0,40.0,60.0
guilt-anger,54,10.0,10.0,10.0,40.0,20.0,40.0,80.0
guilt-anger,55,0.0,0.0,10.0,90.0,0.0,40.0,80.0
guilt-disgust,0,10.0,0.0,0.0,30.0,0.0,30.0,20.0
guilt-disgust,1,0.0,0.0,0.0,40.0,0.0,30.0,30.0
guilt-disgust,2,0.0,0.0,40.0,80.0,0.0,80.0,40.0
guilt-disgust,3,10.0,0.0,0.0,20.0,0.0,30.0,10.0
guilt-disgust,4,5.0,0.0,0.0,30.0,0.0,40.0,20.0
guilt-disgust,5,0.0,0.0,0.0,0.0,20.0,20.0,0.0
guilt-disgust,6,20.0,0.0,0.0,0.0,0.0,80.0,0.0
guilt-disgust,7,20.0,0.0,0.0,10.0,0.0,10.0,0.0
guilt-disgust,8,20.0,0.0,20.0,0.0,0.0,90.0,0.0
guilt-disgust,9,40.0,20.0,0.0,20.0,0.0,20.0,0.0
guilt-disgust,10,0.0,0.0,0.0,0.0,0.0,20.0,0.0
guilt-disgust,11,20.0,40.0,40.0,40.0,0.0,20.0,20.0
guilt-disgust,12,40.0,0.0,10.0,0.0,0.0,20.0,0.0
guilt-disgust,13,40.0,0.0,20.0,0.0,0.0,40.0,0.0
guilt-disgust,14,20.0,0.0,10.0,40.0,0.0,20.0,30.0
guilt-disgust,15,0.0,10.0,20.0,10.0,0.0,0.0,0.0
guilt-disgust,16,20.0,0.0,60.0,80.0,0.0,40.0,60.0
guilt-disgust,17,0.0,20.0,80.0,0.0,0.0,0.0,0.0
guilt-disgust,18,0.0,0.0,20.0,40.0,0.0,40.0,20.0
guilt-disgust,19,10.0,0.0,40.0,20.0,0.0,60.0,10.0
guilt-disgust,20,40.0,0.0,20.0,80.0,0.0,40.0,80.0
guilt-disgust,21,40.0,0.0,60.0,40.0,0.0,70.0,40.0
guilt-disgust,22,0.0,0.0,40.0,20.0,0.0,0.0,20.0
guilt-disgust,23,10.0,5.0,20.0,10.0,60.0,10.0,0.0
guilt-disgust,24,0.0,0.0,0.0,80.0,0.0,80.0,80.0
guilt-disgust,25,0.0,0.0,0.0,80.0,0.0,40.0,80.0
guilt-disgust,26,0.0,0.0,10.0,80.0,0.0,40.0,80.0
guilt-disgust,28,0.0,0.0,10.0,80.0,0.0,60.0,80.0
guilt-disgust,29,0.0,0.0,10.0,90.0,0.0,80.0,80.0
guilt-disgust,30,0.0,0.0,0.0,80.0,0.0,60.0,60.0
guilt-disgust,31,0.0,0.0,20.0,90.0,0.0,40.0,80.0
guilt-disgust,32,0.0,0.0,10.0,0.0,80.0,0.0,0.0
guilt-disgust,33,0.0,0.0,0.0,0.0,80.0,20.0,0.0
guilt-disgust,34,0.0,0.0,10.0,60.0,80.0,20.0,20.0
guilt-disgust,35,0.0,0.0,0.0,0.0,90.0,0.0,0.0
guilt-disgust,36,0.0,0.0,0.0,0.0,80.0,0.0,0.0
guilt-disgust,37,0.0,0.0,0.0,0.0,80.0,0.0,0.0
guilt-disgust,38,0.0,0.0,10.0,0.0,80.0,0.0,0.0
guilt-disgust,39,0.0,0.0,0.0,0.0,80.0,0.0,0.0
guilt-disgust,40,0.0,0.0,10.0,0.0,0.0,70.0,0.0
guilt-disgust,41,0.0,0.0,20.0,0.0,0.0,80.0,0.0
guilt-disgust,42,10.0,0.0,0.0,10.0,0.0,30.0,10.0
guilt-disgust,43,0.0,0.0,40.0,60.0,0.0,80.0,20.0
guilt-disgust,44,5.0,0.0,0.0,20.0,0.0,40.0,20.0
guilt-disgust,45,20.0,0.0,0.0,20.0,0.0,80.0,0.0
guilt-disgust,46,0.0,0.0,10.0,0.0,0.0,60.0,10.0
guilt-disgust,47,0.0,0.0,10.0,40.0,0.0,30.0,30.0
guilt-disgust,48,0.0,0.0,20.0,60.0,0.0,40.0,30.0
guilt-disgust,49,0.0,0.0,0.0,80.0,0.0,60.0,80.0
guilt-disgust,50,0.0,0.0,0.0,40.0,0.0,20.0,30.0
guilt-disgust,51,10.0,40.0,0.0,20.0,0.0,20.0,40.0
guilt-disgust,52,10.0,0.0,0.0,20.0,0.0,70.0,40.0
guilt-disgust,53,0.0,0.0,0.0,60.0,0.0,30.0,40.0
guilt-disgust,54,10.0,0.0,10.0,30.0,10.0,20.0,80.0
guilt-disgust,55,10.0,0.0,10.0,80.0,0.0,60.0,80.0
guilt-fear,0,20.0,0.0,0.0,40.0,0.0,30.0,30.0
guilt-fear,1,30.0,0.0,0.0,0.0,0.0,30.0,0.0
guilt-fear,2,60.0,0.0,20.0,20.0,0.0,80.0,20.0
guilt-fear,3,0.0,0.0,0.0,40.0,10.0,40.0,20.0
guilt-fear,4,10.0,0.0,0.0,80.0,0.0,60.0,80.0
guilt-fear,5,0.0,0.0,0.0,0.0,20.0,20.0,0.0
guilt-fear,6,30.0,0.0,0.0,0.0,0.0,60.0,0.0
guilt-fear,7,40.0,0.0,0.0,0.0,0.0,20.0,0.0
guilt-fear,8,90.0,20.0,0.0,40.0,0.0,80.0,40.0
guilt-fear,9,40.0,0.0,0.0,10.0,0.0,10.0,0.0
guilt-fear,10,0.0,0.0,0.0,0.0,0.0,20.0,0.0
guilt-fear,11,80.0,90.0,20.0,0.0,0.0,40.0,80.0
guilt-fear,12,40.0,0.0,0.0,0.0,0.0,10.0,0.0
guilt-fear,13,60.0,80.0,40.0,20.0,0.0,80.0,0.0
guilt-fear,14,40.0,20.0,10.0,30.0,0.0,20.0,20.0
guilt-fear,15,0.0,5.0,10.0,10.0,10.0,0.0,0.0
guilt-fear,16,40.0,20.0,40.0,60.0,0.0,40.0,40.0
guilt-fear,17,0.0,0.0,20.0,20.0,20.0,10.0,10.0
guilt-fear,18,0.0,0.0,0.0,60.0,0.0,20.0,40.0
guilt-fear,19,20.0,0.0,20.0,20.0,0.0,60.0,20.0
guilt-fear,20,40.0,0.0,20.0,80.0,0.0,60.0,80.0
guilt-fear,21,60.0,20.0,80.0,0.0,0.0,60.0,20.0
guilt-fear,22,20.0,0.0,40.0,80.0,0.0,20.0,60.0
guilt-fear,23,20.0,20.0,20.0,20.0,40.0,30.0,20.0
guilt-fear,24,10.0,0.0,0.0,90.0,0.0,80.0,80.0
guilt-fear,25,0.0,10.0,0.0,80.0,0.0,40.0,80.0
guilt-fear,26,0.0,0.0,10.0,90.0,0.0,60.0,90.0
guilt-fear,27,0.0,0.0,0.0,90.0,0.0,80.0,80.0
guilt-fear,28,0.0,0.0,0.0,30.0,40.0,0.0,20.0
guilt-fear,29,0.0,0.0,0.0,80.0,0.0,40.0,80.0
guilt-fear,30,0.0,0.0,0.0,80.0,0.0,60.0,80.0
guilt-fear,31,20.0,0.0,0.0,90.0,0.0,40.0,90.0
guilt-fear,32,0.0,0.0,0.0,0.0,80.0,0.0,0.0
guilt-fear,33,0.0,0.0,0.0,0.0,80.0,0.0,0.0
guilt-fear,34,0.0,0.0,10.0,80.0,20.0,80.0,80.0
guilt-fear,35,0.0,0.0,0.0,0.0,100.0,0.0,0.0
guilt-fear,36,0.0,0.0,0.0,0.0,98.0,0.0,0.0
guilt-fear,37,0.0,0.0,0.0,0.0,90.0,0.0,0.0
guilt-fear,38,0.0,0.0,0.0,0.0,80.0,0.0,0.0
guilt-fear,39,0.0,0.0,0.0,0.0,98.0,0.0,0.0
guilt-fear,40,0.0,0.0,0.0,0.0,60.0,40.0,0.0
guilt-fear,41,0.0,0.0,10.0,0.0,20.0,80.0,0.0
guilt-fear,42,20.0,0.0,0.0,10.0,20.0,30.0,10.0
guilt-fear,43,0.0,0.0,20.0,20.0,10.0,80.0,0.0
guilt-fear,44,10.0,0.0,0.0,20.0,0.0,60.0,20.0
guilt-fear,45,20.0,0.0,0.0,20.0,0.0,80.0,0.0
guilt-fear,46,20.0,0.0,0.0,20.0,0.0,80.0,20.0
guilt-fear,47,10.0,0.0,0.0,20.0,20.0,30.0,20.0
guilt-fear,48,10.0,0.0,0.0,80.0,0.0,40.0,80.0
guilt-fear,49,0.0,0.0,0.0,90.0,0.0,80.0,90.0
guilt-fear,50,0.0,0.0,10.0,40.0,20.0,30.0,30.0
guilt-fear,51,10.0,20.0,0.0,40.0,0.0,20.0,80.0
guilt-fear,52,20.0,0.0,0.0,20.0,0.0,80.0,30.0
guilt-fear,53,20.0,0.0,10.0,60.0,0.0,40.0,60.0
guilt-fear,54,10.0,0.0,10.0,80.0,20.0,40.0,80.0
guilt-fear,55,0.0,0.0,10.0,80.0,0.0,30.0,80.0
guilt-joy,0,20.0,0.0,20.0,40.0,0.0,40.0,30.0
guilt-joy,1,20.0,0.0,40.0,80.0,0.0,80.0,80.0
guilt-joy,2,80.0,40.0,0.0,20.0,0.0,80.0,20.0
guilt-joy,3,20.0,20.0,0.0,20.0,0.0,80.0,40.0
guilt-joy,4,20.0,0.0,80.0,80.0,0.0,87.0,80.0
guilt-joy,5,20.0,0.0,40.0,20.0,0.0,80.0,20.0
guilt-joy,6,80.0,40.0,80.0,80.0,0.0,90.0,80.0
guilt-joy,7,60.0,20.0,0.0,0.0,0.0,20.0,0.0
guilt-joy,8,80.0,80.0,40.0,80.0,0.0,90.0,80.0
guilt-joy,9,80.0,40.0,40.0,80.0,0.0,80.0,80.0
guilt-joy,10,40.0,0.0,40.0,80.0,0.0,90.0,80.0
guilt-joy,11,20.0,40.0,80.0,0.0,0.0,20.0,20.0
guilt-joy,12,20.0,0.0,20.0,40.0,0.0,40.0,30.0
guilt-joy,13,80.0,80.0,90.0,80.0,0.0,90.0,80.0
guilt-joy,14,40.0,40.0,20.0,40.0,0.0,70.0,40.0
guilt-joy,15,0.0,40.0,20.0,0.0,0.0,20.0,20.0
guilt-joy,16,40.0,0.0,87.0,80.0,0.0,80.0,80.0
guilt-joy,17,0.0,70.0,80.0,0.0,0.0,0.0,0.0
guilt-joy,18,40.0,40.0,80.0,80.0,0.0,87.0,80.0
guilt-joy,19,20.0,0.0,60.0,80.0,0.0,87.0,80.0
guilt-joy,20,40.0,20.0,0.0,80.0,0.0,40.0,40.0
guilt-joy,21,80.0,20.0,90.0,80.0,0.0,80.0,80.0
guilt-joy,22,20.0,0.0,87.0,20.0,0.0,40.0,20.0
guilt-joy,23,80.0,80.0,90.0,80.0,0.0,87.0,80.0
guilt-joy,24,20.0,20.0,20.0,90.0,0.0,80.0,90.0
guilt-joy,25,80.0,80.0,20.0,90.0,0.0,87.0,90.0
guilt-joy,26,20.0,0.0,20.0,80.0,0.0,40.0,80.0
guilt-joy,27,20.0,0.0,0.0,40.0,0.0,20.0,40.0
guilt-joy,28,80.0,20.0,0.0,80.0,0.0,40.0,80.0
guilt-joy,29,10.0,0.0,60.0,80.0,0.0,80.0,80.0
guilt-joy,30,10.0,10.0,0.0,60.0,0.0,40.0,40.0
guilt-joy,31,80.0,20.0,80.0,90.0,0.0,80.0,90.0
guilt-joy,32,90.0,90.0,20.0,90.0,0.0,90.0,90.0
guilt-joy,33,20.0,0.0,20.0,20.0,0.0,40.0,40.0
guilt-joy,34,70.0,20.0,80.0,80.0,0.0,80.0,87.0
guilt-joy,35,20.0,20.0,40.0,40.0,0.0,80.0,40.0
guilt-joy,36,20.0,10.0,20.0,20.0,0.0,80.0,20.0
guilt-joy,37,80.0,20.0,80.0,90.0,0.0,90.0,90.0
guilt-joy,38,20.0,40.0,20.0,20.0,0.0,20.0,80.0
guilt-joy,39,20.0,0.0,0.0,20.0,0.0,40.0,20.0
guilt-joy,40,20.0,20.0,40.0,40.0,0.0,90.0,40.0
guilt-joy,41,40.0,40.0,80.0,90.0,0.0,98.0,20.0
guilt-joy,42,80.0,30.0,80.0,90.0,0.0,80.0,90.0
guilt-joy,43,20.0,20.0,78.0,90.0,0.0,90.0,90.0
guilt-joy,44,40.0,20.0,40.0,20.0,0.0,90.0,80.0
guilt-joy,45,90.0,80.0,0.0,0.0,0.0,40.0,80.0
guilt-joy,46,80.0,20.0,87.0,80.0,0.0,90.0,90.0
guilt-joy,47,20.0,10.0,20.0,80.0,0.0,70.0,80.0
guilt-joy,48,20.0,20.0,80.0,90.0,0.0,80.0,90.0
guilt-joy,49,40.0,20.0,90.0,90.0,0.0,80.0,90.0
guilt-joy,50,10.0,10.0,20.0,60.0,0.0,40.0,30.0
guilt-joy,51,10.0,20.0,0.0,20.0,0.0,20.0,20.0
guilt-joy,52,20.0,0.0,60.0,20.0,0.0,70.0,40.0
guilt-joy,53,20.0,20.0,10.0,80.0,0.0,40.0,80.0
guilt-joy,54,0.0,20.0,20.0,0.0,0.0,20.0,20.0
guilt-joy,55,20.0,10.0,40.0,80.0,0.0,80.0,80.0
guilt-sadness,0,0.0,0.0,10.0,20.0,20.0,20.0,40.0
guilt-sadness,1,0.0,0.0,0.0,40.0,10.0,10.0,60.0
guilt-sadness,2,60.0,0.0,0.0,0.0,0.0,80.0,0.0
guilt-sadness,3,20.0,0.0,0.0,0.0,0.0,40.0,0.0
guilt-sadness,4,0.0,0.0,0.0,60.0,0.0,20.0,80.0
guilt-sadness,5,0.0,0.0,0.0,0.0,20.0,0.0,0.0
guilt-sadness,6,80.0,0.0,0.0,0.0,0.0,20.0,0.0
guilt-sadness,7,60.0,0.0,0.0,0.0,0.0,10.0,0.0
guilt-sadness,8,90.0,80.0,0.0,0.0,0.0,40.0,0.0
guilt-sadness,9,60.0,20.0,0.0,0.0,0.0,0.0,0.0
guilt-sadness,10,40.0,0.0,40.0,20.0,10.0,20.0,0.0
guilt-sadness,11,80.0,90.0,40.0,0.0,0.0,40.0,80.0
guilt-sadness,12,60.0,0.0,0.0,0.0,0.0,0.0,0.0
guilt-sadness,13,20.0,80.0,80.0,0.0,0.0,60.0,0.0
guilt-sadness,14,40.0,20.0,20.0,80.0,0.0,20.0,80.0
guilt-sadness,15,20.0,40.0,40.0,0.0,0.0,10.0,10.0
guilt-sadness,16,90.0,20.0,80.0,0.0,0.0,10.0,0.0
guilt-sadness,17,0.0,20.0,60.0,0.0,0.0,0.0,0.0
guilt-sadness,18,0.0,0.0,40.0,0.0,5.0,20.0,0.0
guilt-sadness,19,40.0,0.0,60.0,10.0,0.0,80.0,0.0
guilt-sadness,20,80.0,0.0,20.0,90.0,0.0,80.0,90.0
guilt-sadness,21,80.0,20.0,70.0,0.0,0.0,20.0,0.0
guilt-sadness,22,20.0,0.0,60.0,0.0,0.0,0.0,0.0
guilt-sadness,23,0.0,10.0,0.0,0.0,60.0,0.0,0.0
guilt-sadness,24,0.0,0.0,0.0,80.0,0.0,80.0,80.0
guilt-sadness,25,0.0,0.0,0.0,90.0,0.0,40.0,80.0
guilt-sadness,26,10.0,0.0,20.0,80.0,0.0,40.0,60.0
guilt-sadness,27,0.0,0.0,10.0,80.0,0.0,40.0,60.0
guilt-sadness,28,0.0,0.0,40.0,80.0,0.0,60.0,80.0
guilt-sadness,29,10.0,0.0,0.0,90.0,0.0,60.0,90.0
guilt-sadness,30,0.0,0.0,0.0,60.0,20.0,40.0,30.0
guilt-sadness,31,60.0,0.0,0.0,90.0,0.0,60.0,90.0
guilt-sadness,32,0.0,0.0,0.0,0.0,90.0,0.0,0.0
guilt-sadness,33,0.0,0.0,0.0,0.0,80.0,0.0,0.0
guilt-sadness,34,0.0,0.0,20.0,20.0,80.0,0.0,0.0
guilt-sadness,35,0.0,0.0,0.0,0.0,98.0,0.0,0.0
guilt-sadness,36,0.0,0.0,0.0,0.0,98.0,0.0,0.0
guilt-sadness,37,0.0,0.0,0.0,0.0,98.0,0.0,0.0
guilt-sadness,38,0.0,0.0,0.0,0.0,90.0,0.0,0.0
guilt-sadness,39,0.0,0.0,10.0,0.0,90.0,0.0,0.0
guilt-sadness,40,0.0,0.0,0.0,0.0,60.0,30.0,0.0
guilt-sadness,41,10.0,0.0,20.0,0.0,5.0,80.0,0.0
guilt-sadness,42,20.0,0.0,0.0,0.0,0.0,80.0,20.0
guilt-sadness,43,0.0,0.0,80.0,80.0,0.0,80.0,40.0
guilt-sadness,44,10.0,0.0,0.0,60.0,0.0,60.0,40.0
guilt-sadness,45,80.0,20.0,0.0,0.0,0.0,80.0,0.0
guilt-sadness,46,10.0,0.0,0.0,0.0,0.0,80.0,10.0
guilt-sadness,47,0.0,0.0,0.0,20.0,0.0,40.0,30.0
guilt-sadness,48,0.0,0.0,10.0,20.0,10.0,30.0,60.0
guilt-sadness,49,0.0,0.0,0.0,90.0,0.0,40.0,90.0
guilt-sadness,50,0.0,0.0,0.0,80.0,0.0,40.0,60.0
guilt-sadness,51,10.0,40.0,0.0,90.0,0.0,20.0,98.0
guilt-sadness,52,40.0,0.0,10.0,20.0,0.0,60.0,20.0
guilt-sadness,53,20.0,0.0,0.0,40.0,0.0,20.0,80.0
guilt-sadness,54,0.0,0.0,0.0,0.0,80.0,10.0,20.0
guilt-sadness,55,0.0,0.0,10.0,80.0,0.0,30.0,80.0
guilt-shame,0,10.0,0.0,0.0,10.0,0.0,10.0,10.0
guilt-shame,1,20.0,0.0,0.0,0.0,10.0,20.0,10.0
guilt-shame,2,40.0,0.0,0.0,0.0,0.0,60.0,0.0
guilt-shame,3,0.0,0.0,0.0,0.0,0.0,30.0,0.0
guilt-shame,4,10.0,0.0,0.0,20.0,20.0,20.0,20.0
guilt-shame,5,10.0,0.0,0.0,0.0,10.0,40.0,0.0
guilt-shame,6,20.0,0.0,0.0,0.0,0.0,40.0,0.0
guilt-shame,7,20.0,0.0,0.0,10.0,0.0,10.0,0.0
guilt-shame,8,80.0,80.0,0.0,0.0,0.0,80.0,0.0
guilt-shame,9,20.0,0.0,0.0,0.0,0.0,10.0,0.0
guilt-shame,10,60.0,0.0,20.0,0.0,0.0,80.0,0.0
guilt-shame,11,80.0,80.0,80.0,20.0,0.0,20.0,20.0
guilt-shame,12,20.0,0.0,0.0,0.0,0.0,10.0,0.0
guilt-shame,13,80.0,20.0,20.0,0.0,0.0,20.0,0.0
guilt-shame,14,40.0,20.0,20.0,20.0,0.0,20.0,10.0
guilt-shame,15,0.0,5.0,10.0,0.0,20.0,0.0,0.0
guilt-shame,16,60.0,0.0,20.0,0.0,0.0,20.0,0.0
guilt-shame,17,0.0,0.0,20.0,0.0,20.0,0.0,0.0
guilt-shame,18,0.0,0.0,40.0,20.0,0.0,60.0,10.0
guilt-shame,20,40.0,0.0,0.0,80.0,0.0,40.0,80.0
guilt-shame,21,40.0,20.0,80.0,0.0,0.0,60.0,0.0
guilt-shame,22,20.0,0.0,60.0,0.0,0.0,10.0,0.0
guilt-shame,23,10.0,10.0,10.0,5.0,80.0,10.0,5.0
guilt-shame,25,10.0,0.0,0.0,40.0,0.0,20.0,30.0
guilt-shame,26,0.0,0.0,10.0,80.0,0.0,40.0,80.0
guilt-shame,27,0.0,0.0,0.0,80.0,0.0,40.0,40.0
guilt-shame,28,0.0,0.0,0.0,0.0,60.0,0.0,0.0
guilt-shame,29,20.0,0.0,0.0,20.0,0.0,40.0,20.0
guilt-shame,30,0.0,0.0,0.0,80.0,10.0,60.0,60.0
guilt-shame,31,20.0,0.0,0.0,80.0,0.0,20.0,80.0
guilt-shame,32,0.0,0.0,0.0,0.0,80.0,0.0,0.0
guilt-shame,33,0.0,0.0,0.0,0.0,60.0,20.0,0.0
guilt-shame,34,0.0,0.0,20.0,80.0,20.0,40.0,40.0
guilt-shame,35,0.0,0.0,0.0,0.0,100.0,0.0,0.0
guilt-shame,36,0.0,0.0,0.0,0.0,95.0,0.0,0.0
guilt-shame,37,0.0,0.0,0.0,0.0,90.0,0.0,0.0
guilt-shame,38,0.0,0.0,10.0,0.0,80.0,0.0,0.0
guilt-shame,39,0.0,0.0,0.0,0.0,90.0,0.0,0.0
guilt-shame,41,0.0,0.0,20.0,0.0,20.0,80.0,0.0
guilt-shame,40,0.0,0.0,0.0,0.0,40.0,20.0,0.0
guilt-shame,42,20.0,0.0,0.0,0.0,10.0,60.0,10.0
guilt-shame,43,0.0,0.0,40.0,20.0,0.0,85.0,0.0
guilt-shame,44,10.0,0.0,0.0,0.0,5.0,60.0,10.0
guilt-shame,45,20.0,0.0,0.0,0.0,0.0,80.0,0.0
guilt-shame,46,10.0,0.0,10.0,0.0,0.0,70.0,20.0
guilt-shame,47,0.0,0.0,0.0,0.0,0.0,20.0,0.0
guilt-shame,48,20.0,0.0,0.0,60.0,0.0,30.0,40.0
guilt-shame,49,0.0,0.0,0.0,80.0,0.0,60.0,80.0
guilt-shame,50,10.0,0.0,0.0,5.0,20.0,20.0,0.0
guilt-shame,51,20.0,0.0,0.0,0.0,0.0,20.0,0.0
guilt-shame,52,20.0,0.0,10.0,40.0,0.0,60.0,20.0
guilt-shame,53,10.0,0.0,10.0,20.0,0.0,30.0,20.0
guilt-shame,54,20.0,0.0,0.0,0.0,80.0,10.0,10.0
guilt-shame,55,0.0,0.0,0.0,80.0,0.0,40.0,60.0
joy-anger,0,0.0,0.0,0.0,0.0,90.0,0.0,0.0
joy-anger,1,0.0,0.0,0.0,0.0,98.0,0.0,0.0
joy-anger,2,0.0,0.0,0.0,0.0,90.0,0.0,0.0
joy-anger,3,0.0,0.0,0.0,0.0,98.0,0.0,0.0
joy-anger,4,0.0,0.0,0.0,0.0,90.0,0.0,0.0
joy-anger,5,0.0,0.0,0.0,0.0,90.0,0.0,0.0
joy-anger,6,0.0,0.0,0.0,20.0,90.0,0.0,0.0
joy-anger,7,0.0,0.0,0.0,0.0,90.0,0.0,0.0
joy-anger,8,0.0,0.0,0.0,0.0,95.0,0.0,0.0
joy-anger,9,0.0,0.0,0.0,0.0,90.0,0.0,0.0
joy-anger,10,0.0,0.0,0.0,0.0,90.0,0.0,0.0
joy-anger,11,0.0,0.0,0.0,0.0,0.0,0.0,0.0
joy-anger,12,0.0,0.0,0.0,0.0,80.0,0.0,0.0
joy-anger,13,0.0,0.0,0.0,0.0,90.0,0.0,0.0
joy-anger,14,0.0,0.0,0.0,0.0,98.0,0.0,0.0
joy-anger,15,0.0,0.0,0.0,0.0,98.0,0.0,0.0
joy-anger,16,0.0,0.0,0.0,0.0,98.0,0.0,0.0
joy-anger,17,0.0,0.0,20.0,0.0,80.0,0.0,0.0
joy-anger,18,0.0,0.0,0.0,0.0,98.0,0.0,0.0
joy-anger,19,0.0,0.0,0.0,0.0,90.0,0.0,0.0
joy-anger,20,0.0,0.0,0.0,0.0,98.0,0.0,0.0
joy-anger,21,0.0,0.0,0.0,0.0,100.0,0.0,0.0
joy-anger,22,0.0,0.0,0.0,0.0,90.0,0.0,0.0
joy-anger,23,0.0,0.0,0.0,0.0,100.0,0.0,0.0
joy-anger,24,0.0,0.0,0.0,0.0,90.0,0.0,0.0
joy-anger,25,0.0,0.0,0.0,0.0,98.0,0.0,0.0
joy-anger,26,0.0,0.0,0.0,10.0,80.0,0.0,0.0
joy-anger,27,0.0,0.0,0.0,0.0,98.0,0.0,0.0
joy-anger,28,0.0,0.0,0.0,0.0,98.0,0.0,0.0
joy-anger,29,0.0,0.0,0.0,0.0,98.0,0.0,0.0
joy-anger,30,0.0,0.0,0.0,0.0,90.0,0.0,0.0
joy-anger,31,0.0,0.0,0.0,0.0,80.0,0.0,0.0
joy-anger,32,0.0,0.0,0.0,0.0,98.0,0.0,0.0
joy-anger,33,0.0,0.0,0.0,0.0,98.0,0.0,0.0
joy-anger,34,0.0,0.0,0.0,0.0,95.0,0.0,0.0
joy-anger,35,0.0,0.0,0.0,0.0,98.0,0.0,0.0
joy-anger,36,0.0,0.0,0.0,0.0,98.0,0.0,0.0
joy-anger,37,0.0,0.0,0.0,0.0,98.0,0.0,0.0
joy-anger,38,0.0,0.0,0.0,0.0,100.0,0.0,0.0
joy-anger,39,0.0,0.0,0.0,0.0,98.0,0.0,0.0
joy-anger,40,0.0,0.0,0.0,0.0,90.0,10.0,0.0
joy-anger,41,0.0,0.0,0.0,0.0,98.0,0.0,0.0
joy-anger,42,0.0,0.0,0.0,0.0,98.0,0.0,0.0
joy-anger,43,0.0,0.0,0.0,0.0,95.0,0.0,0.0
joy-anger,44,0.0,0.0,0.0,0.0,98.0,0.0,0.0
joy-anger,45,0.0,0.0,0.0,0.0,100.0,0.0,0.0
joy-anger,46,0.0,0.0,0.0,0.0,95.0,0.0,0.0
joy-anger,47,0.0,0.0,0.0,0.0,98.0,0.0,0.0
joy-anger,48,0.0,0.0,0.0,10.0,90.0,0.0,0.0
joy-anger,49,0.0,0.0,0.0,0.0,98.0,0.0,0.0
joy-anger,50,0.0,0.0,0.0,0.0,98.0,0.0,0.0
joy-anger,51,0.0,0.0,0.0,0.0,90.0,0.0,0.0
joy-anger,52,0.0,0.0,0.0,0.0,100.0,0.0,0.0
joy-anger,53,0.0,0.0,0.0,0.0,90.0,0.0,0.0
joy-anger,54,0.0,0.0,0.0,0.0,98.0,0.0,0.0
joy-anger,55,0.0,0.0,0.0,0.0,98.0,0.0,0.0
joy-disgust,0,0.0,0.0,0.0,0.0,98.0,0.0,0.0
joy-disgust,1,0.0,0.0,0.0,0.0,98.0,0.0,0.0
joy-disgust,2,0.0,0.0,0.0,0.0,90.0,0.0,0.0
joy-disgust,3,0.0,0.0,0.0,0.0,98.0,0.0,0.0
joy-disgust,4,0.0,0.0,0.0,0.0,90.0,0.0,0.0
joy-disgust,5,0.0,0.0,0.0,0.0,98.0,0.0,0.0
joy-disgust,6,0.0,0.0,0.0,0.0,95.0,0.0,0.0
joy-disgust,7,0.0,0.0,0.0,0.0,90.0,0.0,0.0
joy-disgust,8,0.0,0.0,0.0,0.0,98.0,0.0,0.0
joy-disgust,9,0.0,0.0,0.0,0.0,90.0,0.0,0.0
joy-disgust,10,0.0,0.0,0.0,0.0,98.0,0.0,0.0
joy-disgust,11,0.0,0.0,0.0,0.0,0.0,0.0,0.0
joy-disgust,12,0.0,0.0,0.0,0.0,98.0,0.0,0.0
joy-disgust,13,0.0,0.0,0.0,0.0,90.0,0.0,0.0
joy-disgust,14,0.0,0.0,0.0,0.0,98.0,0.0,0.0
joy-disgust,15,0.0,0.0,0.0,0.0,90.0,0.0,0.0
joy-disgust,16,0.0,0.0,0.0,0.0,90.0,0.0,0.0
joy-disgust,17,0.0,0.0,0.0,0.0,80.0,0.0,0.0
joy-disgust,18,0.0,0.0,0.0,0.0,98.0,0.0,0.0
joy-disgust,19,0.0,0.0,0.0,0.0,90.0,0.0,0.0
joy-disgust,20,0.0,0.0,0.0,0.0,98.0,0.0,0.0
joy-disgust,21,0.0,0.0,0.0,0.0,98.0,0.0,0.0
joy-disgust,22,0.0,0.0,0.0,0.0,90.0,0.0,0.0
joy-disgust,23,0.0,0.0,0.0,0.0,98.0,0.0,0.0
joy-disgust,24,0.0,0.0,0.0,20.0,80.0,0.0,20.0
joy-disgust,25,0.0,0.0,0.0,0.0,98.0,0.0,0.0
joy-disgust,26,0.0,0.0,0.0,0.0,90.0,0.0,0.0
joy-disgust,27,0.0,0.0,0.0,0.0,90.0,0.0,0.0
joy-disgust,28,0.0,0.0,0.0,0.0,98.0,0.0,0.0
joy-disgust,29,0.0,0.0,0.0,0.0,90.0,0.0,0.0
joy-disgust,30,0.0,0.0,0.0,0.0,80.0,0.0,0.0
joy-disgust,31,0.0,0.0,0.0,0.0,98.0,0.0,0.0
joy-disgust,32,0.0,0.0,0.0,0.0,100.0,0.0,0.0
joy-disgust,33,0.0,0.0,0.0,0.0,95.0,0.0,0.0
joy-disgust,34,0.0,0.0,0.0,0.0,98.0,0.0,0.0
joy-disgust,35,0.0,0.0,0.0,0.0,98.0,0.0,0.0
joy-disgust,36,0.0,0.0,0.0,0.0,98.0,0.0,0.0
joy-disgust,37,0.0,0.0,0.0,0.0,98.0,0.0,0.0
joy-disgust,38,0.0,0.0,0.0,0.0,100.0,0.0,0.0
joy-disgust,39,0.0,0.0,0.0,0.0,98.0,0.0,0.0
joy-disgust,40,0.0,0.0,0.0,0.0,90.0,0.0,0.0
joy-disgust,41,0.0,0.0,0.0,0.0,90.0,0.0,0.0
joy-disgust,42,0.0,0.0,0.0,0.0,90.0,0.0,0.0
joy-disgust,43,0.0,0.0,0.0,0.0,80.0,20.0,0.0
joy-disgust,44,0.0,0.0,0.0,0.0,80.0,10.0,0.0
joy-disgust,45,0.0,0.0,0.0,0.0,98.0,0.0,0.0
joy-disgust,46,0.0,0.0,0.0,0.0,98.0,0.0,0.0
joy-disgust,47,0.0,0.0,0.0,0.0,90.0,0.0,0.0
joy-disgust,48,0.0,0.0,0.0,5.0,85.0,0.0,0.0
joy-disgust,49,0.0,0.0,0.0,0.0,98.0,0.0,0.0
joy-disgust,50,0.0,0.0,0.0,0.0,95.0,0.0,0.0
joy-disgust,51,0.0,0.0,0.0,0.0,98.0,0.0,0.0
joy-disgust,52,0.0,0.0,0.0,0.0,98.0,0.0,0.0
joy-disgust,53,0.0,0.0,0.0,0.0,98.0,0.0,0.0
joy-disgust,54,0.0,0.0,0.0,0.0,98.0,0.0,0.0
joy-disgust,55,0.0,0.0,0.0,0.0,98.0,0.0,0.0
joy-fear,0,0.0,0.0,0.0,0.0,98.0,0.0,0.0
joy-fear,1,0.0,0.0,0.0,0.0,90.0,0.0,0.0
joy-fear,2,0.0,0.0,0.0,0.0,100.0,0.0,0.0
joy-fear,3,0.0,0.0,0.0,0.0,98.0,0.0,0.0
joy-fear,4,0.0,0.0,0.0,0.0,98.0,0.0,0.0
joy-fear,5,0.0,0.0,0.0,0.0,95.0,0.0,0.0
joy-fear,6,0.0,0.0,0.0,0.0,98.0,0.0,0.0
joy-fear,7,0.0,0.0,0.0,0.0,90.0,0.0,0.0
joy-fear,8,0.0,0.0,0.0,0.0,98.0,0.0,0.0
joy-fear,10,0.0,0.0,0.0,0.0,98.0,0.0,0.0
joy-fear,11,0.0,0.0,0.0,0.0,98.0,0.0,0.0
joy-fear,12,0.0,0.0,0.0,0.0,90.0,0.0,0.0
joy-fear,13,0.0,0.0,0.0,0.0,98.0,0.0,0.0
joy-fear,14,0.0,0.0,0.0,0.0,98.0,0.0,0.0
joy-fear,15,0.0,0.0,0.0,0.0,98.0,0.0,0.0
joy-fear,16,0.0,0.0,0.0,0.0,98.0,0.0,0.0
joy-fear,17,0.0,0.0,0.0,0.0,90.0,0.0,0.0
joy-fear,18,0.0,0.0,0.0,0.0,90.0,0.0,0.0
joy-fear,19,0.0,0.0,0.0,0.0,98.0,0.0,0.0
joy-fear,20,0.0,0.0,0.0,0.0,98.0,0.0,0.0
joy-fear,21,0.0,0.0,0.0,0.0,100.0,0.0,0.0
joy-fear,22,0.0,0.0,0.0,0.0,90.0,0.0,0.0
joy-fear,23,0.0,0.0,0.0,0.0,98.0,0.0,0.0
joy-fear,24,0.0,0.0,0.0,20.0,95.0,0.0,0.0
joy-fear,25,0.0,0.0,0.0,0.0,98.0,0.0,0.0
joy-fear,26,0.0,0.0,0.0,0.0,98.0,0.0,0.0
joy-fear,27,0.0,0.0,0.0,0.0,98.0,0.0,0.0
joy-fear,28,0.0,0.0,0.0,0.0,90.0,0.0,0.0
joy-fear,29,0.0,0.0,0.0,0.0,90.0,0.0,0.0
joy-fear,30,0.0,0.0,0.0,0.0,90.0,0.0,0.0
joy-fear,31,0.0,0.0,0.0,0.0,98.0,0.0,0.0
joy-fear,32,0.0,0.0,0.0,0.0,98.0,0.0,0.0
joy-fear,33,0.0,0.0,0.0,0.0,98.0,0.0,0.0
joy-fear,34,0.0,0.0,0.0,0.0,98.0,0.0,0.0
joy-fear,35,0.0,0.0,0.0,0.0,100.0,0.0,0.0
joy-fear,36,0.0,0.0,0.0,0.0,98.0,0.0,0.0
joy-fear,37,0.0,0.0,0.0,0.0,98.0,0.0,0.0
joy-fear,38,0.0,0.0,0.0,0.0,98.0,0.0,0.0
joy-fear,39,0.0,0.0,0.0,0.0,100.0,0.0,0.0
joy-fear,40,0.0,0.0,0.0,0.0,98.0,0.0,0.0
joy-fear,41,0.0,0.0,0.0,0.0,98.0,0.0,0.0
joy-fear,42,0.0,0.0,0.0,0.0,98.0,0.0,0.0
joy-fear,43,0.0,0.0,0.0,0.0,90.0,20.0,0.0
joy-fear,44,0.0,0.0,0.0,0.0,98.0,0.0,0.0
joy-fear,45,0.0,0.0,0.0,0.0,98.0,0.0,0.0
joy-fear,46,0.0,0.0,0.0,0.0,98.0,0.0,0.0
joy-fear,47,0.0,0.0,0.0,0.0,98.0,0.0,0.0
joy-fear,48,0.0,0.0,0.0,0.0,90.0,0.0,0.0
joy-fear,49,0.0,0.0,0.0,0.0,98.0,0.0,0.0
joy-fear,50,0.0,0.0,0.0,0.0,98.0,0.0,0.0
joy-fear,51,0.0,0.0,0.0,0.0,98.0,0.0,0.0
joy-fear,52,0.0,0.0,0.0,0.0,98.0,0.0,0.0
joy-fear,53,0.0,0.0,0.0,0.0,90.0,0.0,0.0
joy-fear,54,0.0,0.0,0.0,0.0,98.0,0.0,0.0
joy-fear,55,0.0,0.0,0.0,0.0,98.0,0.0,0.0
joy-guilt,0,0.0,0.0,0.0,0.0,100.0,0.0,0.0
joy-guilt,1,0.0,0.0,0.0,0.0,90.0,0.0,0.0
joy-guilt,2,0.0,0.0,0.0,0.0,98.0,0.0,0.0
joy-guilt,3,0.0,0.0,0.0,0.0,98.0,0.0,0.0
joy-guilt,4,0.0,0.0,0.0,0.0,98.0,0.0,0.0
joy-guilt,5,0.0,0.0,0.0,0.0,90.0,0.0,0.0
joy-guilt,6,0.0,0.0,0.0,0.0,98.0,0.0,0.0
joy-guilt,7,0.0,0.0,0.0,0.0,90.0,0.0,0.0
joy-guilt,8,0.0,0.0,0.0,0.0,98.0,0.0,0.0
joy-guilt,9,0.0,0.0,0.0,0.0,98.0,0.0,0.0
joy-guilt,10,0.0,0.0,0.0,0.0,100.0,0.0,0.0
joy-guilt,11,0.0,0.0,0.0,0.0,98.0,0.0,0.0
joy-guilt,12,0.0,0.0,0.0,0.0,90.0,0.0,0.0
joy-guilt,13,0.0,0.0,0.0,0.0,98.0,0.0,0.0
joy-guilt,14,0.0,0.0,0.0,0.0,98.0,0.0,0.0
joy-guilt,15,0.0,0.0,0.0,0.0,90.0,0.0,0.0
joy-guilt,16,0.0,0.0,0.0,0.0,98.0,0.0,0.0
joy-guilt,17,0.0,0.0,0.0,0.0,90.0,0.0,0.0
joy-guilt,18,0.0,0.0,0.0,0.0,98.0,0.0,0.0
joy-guilt,19,0.0,0.0,0.0,0.0,98.0,0.0,0.0
joy-guilt,20,0.0,0.0,0.0,0.0,80.0,0.0,0.0
joy-guilt,21,0.0,0.0,0.0,0.0,98.0,0.0,0.0
joy-guilt,22,0.0,0.0,0.0,0.0,90.0,0.0,0.0
joy-guilt,23,0.0,0.0,0.0,0.0,100.0,0.0,0.0
joy-guilt,24,0.0,0.0,0.0,0.0,90.0,0.0,0.0
joy-guilt,25,0.0,0.0,0.0,0.0,90.0,0.0,0.0
joy-guilt,26,0.0,0.0,0.0,0.0,80.0,0.0,0.0
joy-guilt,27,0.0,0.0,0.0,0.0,98.0,0.0,0.0
joy-guilt,28,0.0,0.0,0.0,0.0,98.0,0.0,0.0
joy-guilt,29,0.0,0.0,0.0,0.0,90.0,0.0,0.0
joy-guilt,30,0.0,0.0,0.0,0.0,80.0,0.0,0.0
joy-guilt,31,0.0,0.0,0.0,0.0,98.0,0.0,0.0
joy-guilt,32,0.0,0.0,0.0,0.0,100.0,0.0,0.0
joy-guilt,33,0.0,0.0,0.0,0.0,90.0,0.0,0.0
joy-guilt,34,0.0,0.0,0.0,0.0,98.0,0.0,0.0
joy-guilt,35,0.0,0.0,0.0,0.0,100.0,0.0,0.0
joy-guilt,36,0.0,0.0,0.0,0.0,100.0,0.0,0.0
joy-guilt,37,0.0,0.0,0.0,0.0,100.0,0.0,0.0
joy-guilt,38,0.0,0.0,0.0,0.0,98.0,0.0,0.0
joy-guilt,39,0.0,0.0,0.0,0.0,100.0,0.0,0.0
joy-guilt,40,0.0,0.0,0.0,0.0,90.0,0.0,0.0
joy-guilt,41,0.0,0.0,0.0,0.0,98.0,0.0,0.0
joy-guilt,42,0.0,0.0,0.0,0.0,100.0,0.0,0.0
joy-guilt,43,0.0,0.0,0.0,0.0,100.0,0.0,0.0
joy-guilt,44,0.0,0.0,0.0,0.0,98.0,0.0,0.0
joy-guilt,45,0.0,0.0,0.0,0.0,98.0,0.0,0.0
joy-guilt,46,0.0,0.0,0.0,0.0,100.0,0.0,0.0
joy-guilt,47,0.0,0.0,0.0,0.0,98.0,0.0,0.0
joy-guilt,48,0.0,0.0,0.0,0.0,98.0,0.0,0.0
joy-guilt,49,0.0,0.0,0.0,0.0,98.0,0.0,0.0
joy-guilt,50,0.0,0.0,0.0,0.0,90.0,0.0,0.0
joy-guilt,51,0.0,0.0,0.0,0.0,100.0,0.0,0.0
joy-guilt,52,0.0,0.0,0.0,0.0,100.0,0.0,0.0
joy-guilt,53,0.0,0.0,0.0,0.0,98.0,0.0,0.0
joy-guilt,54,0.0,0.0,0.0,0.0,98.0,0.0,0.0
joy-guilt,55,0.0,0.0,0.0,0.0,90.0,0.0,0.0
joy-sadness,0,0.0,0.0,0.0,0.0,98.0,0.0,0.0
joy-sadness,1,0.0,0.0,0.0,0.0,98.0,0.0,0.0
joy-sadness,2,0.0,0.0,0.0,0.0,98.0,0.0,0.0
joy-sadness,3,0.0,0.0,0.0,0.0,98.0,0.0,0.0
joy-sadness,4,0.0,0.0,0.0,0.0,100.0,0.0,0.0
joy-sadness,5,0.0,0.0,0.0,0.0,98.0,0.0,0.0
joy-sadness,6,0.0,0.0,0.0,0.0,98.0,0.0,0.0
joy-sadness,7,0.0,0.0,0.0,0.0,98.0,0.0,0.0
joy-sadness,8,0.0,0.0,0.0,0.0,98.0,0.0,0.0
joy-sadness,9,0.0,0.0,0.0,0.0,98.0,0.0,0.0
joy-sadness,10,0.0,0.0,0.0,0.0,98.0,0.0,0.0
joy-sadness,11,0.0,0.0,0.0,0.0,98.0,0.0,0.0
joy-sadness,12,0.0,0.0,0.0,0.0,80.0,0.0,0.0
joy-sadness,13,0.0,0.0,0.0,0.0,100.0,0.0,0.0
joy-sadness,14,0.0,0.0,0.0,0.0,90.0,0.0,0.0
joy-sadness,15,0.0,0.0,0.0,0.0,100.0,0.0,0.0
joy-sadness,16,0.0,0.0,0.0,0.0,98.0,0.0,0.0
joy-sadness,17,0.0,0.0,0.0,0.0,90.0,0.0,0.0
joy-sadness,18,0.0,0.0,0.0,0.0,98.0,0.0,0.0
joy-sadness,19,0.0,0.0,0.0,0.0,98.0,0.0,0.0
joy-sadness,20,0.0,0.0,0.0,0.0,98.0,0.0,0.0
joy-sadness,21,0.0,0.0,0.0,0.0,100.0,0.0,0.0
joy-sadness,22,0.0,0.0,0.0,0.0,100.0,0.0,0.0
joy-sadness,23,0.0,0.0,0.0,0.0,100.0,0.0,0.0
joy-sadness,24,0.0,0.0,0.0,60.0,80.0,20.0,40.0
joy-sadness,25,0.0,0.0,0.0,0.0,98.0,0.0,0.0
joy-sadness,26,0.0,0.0,0.0,0.0,85.0,0.0,0.0
joy-sadness,27,0.0,0.0,0.0,0.0,98.0,0.0,0.0
joy-sadness,28,0.0,0.0,0.0,0.0,90.0,0.0,0.0
joy-sadness,29,0.0,0.0,0.0,0.0,98.0,0.0,0.0
joy-sadness,30,0.0,0.0,0.0,0.0,90.0,0.0,0.0
joy-sadness,31,0.0,0.0,0.0,0.0,98.0,0.0,0.0
joy-sadness,32,0.0,0.0,0.0,0.0,98.0,0.0,0.0
joy-sadness,33,0.0,0.0,0.0,0.0,98.0,0.0,0.0
joy-sadness,34,0.0,0.0,0.0,0.0,98.0,5.0,0.0
joy-sadness,35,0.0,0.0,0.0,0.0,100.0,0.0,0.0
joy-sadness,36,0.0,0.0,0.0,0.0,100.0,0.0,0.0
joy-sadness,37,0.0,0.0,0.0,0.0,98.0,0.0,0.0
joy-sadness,38,0.0,0.0,0.0,0.0,98.0,0.0,0.0
joy-sadness,39,0.0,0.0,0.0,0.0,100.0,0.0,0.0
joy-sadness,40,0.0,0.0,0.0,0.0,98.0,0.0,0.0
joy-sadness,41,0.0,0.0,0.0,0.0,98.0,0.0,0.0
joy-sadness,42,0.0,0.0,0.0,0.0,98.0,0.0,0.0
joy-sadness,43,0.0,0.0,0.0,0.0,98.0,0.0,0.0
joy-sadness,44,0.0,0.0,0.0,0.0,98.0,0.0,0.0
joy-sadness,45,0.0,0.0,0.0,0.0,98.0,0.0,0.0
joy-sadness,46,0.0,0.0,0.0,0.0,98.0,0.0,0.0
joy-sadness,47,0.0,0.0,0.0,0.0,95.0,0.0,0.0
joy-sadness,48,0.0,0.0,0.0,0.0,100.0,0.0,0.0
joy-sadness,49,0.0,0.0,0.0,0.0,98.0,0.0,0.0
joy-sadness,50,0.0,0.0,0.0,0.0,98.0,0.0,0.0
joy-sadness,51,0.0,0.0,0.0,0.0,98.0,0.0,0.0
joy-sadness,52,0.0,0.0,0.0,0.0,98.0,0.0,0.0
joy-sadness,53,0.0,0.0,0.0,20.0,90.0,0.0,20.0
joy-sadness,54,0.0,0.0,0.0,0.0,98.0,0.0,0.0
joy-sadness,55,0.0,0.0,0.0,0.0,98.0,0.0,0.0
joy-shame,0,0.0,0.0,0.0,0.0,98.0,0.0,0.0
joy-shame,1,0.0,0.0,0.0,0.0,90.0,0.0,0.0
joy-shame,2,0.0,0.0,0.0,0.0,98.0,0.0,0.0
joy-shame,3,0.0,0.0,0.0,0.0,98.0,0.0,0.0
joy-shame,4,0.0,0.0,0.0,0.0,98.0,0.0,0.0
joy-shame,5,0.0,0.0,0.0,0.0,98.0,0.0,0.0
joy-shame,6,0.0,0.0,0.0,0.0,90.0,0.0,0.0
joy-shame,7,0.0,0.0,0.0,0.0,90.0,0.0,0.0
joy-shame,8,0.0,0.0,0.0,0.0,100.0,0.0,0.0
joy-shame,9,0.0,0.0,0.0,0.0,98.0,0.0,0.0
joy-shame,10,0.0,0.0,0.0,0.0,95.0,0.0,0.0
joy-shame,11,0.0,0.0,0.0,0.0,98.0,0.0,0.0
joy-shame,12,0.0,0.0,0.0,0.0,90.0,0.0,0.0
joy-shame,13,0.0,0.0,0.0,0.0,98.0,0.0,0.0
joy-shame,14,0.0,0.0,0.0,0.0,98.0,0.0,0.0
joy-shame,15,0.0,0.0,0.0,0.0,90.0,0.0,0.0
joy-shame,16,0.0,0.0,0.0,0.0,90.0,0.0,0.0
joy-shame,17,0.0,0.0,0.0,0.0,90.0,0.0,0.0
joy-shame,18,0.0,0.0,0.0,0.0,98.0,0.0,0.0
joy-shame,19,0.0,0.0,0.0,0.0,98.0,0.0,0.0
joy-shame,21,0.0,0.0,0.0,0.0,98.0,0.0,0.0
joy-shame,22,0.0,0.0,0.0,0.0,98.0,0.0,0.0
joy-shame,23,0.0,0.0,0.0,0.0,98.0,0.0,0.0
joy-shame,24,0.0,0.0,0.0,0.0,98.0,0.0,0.0
joy-shame,25,0.0,0.0,0.0,0.0,98.0,0.0,0.0
joy-shame,26,0.0,0.0,0.0,0.0,100.0,0.0,0.0
joy-shame,27,0.0,0.0,0.0,0.0,98.0,0.0,0.0
joy-shame,28,0.0,0.0,0.0,0.0,98.0,0.0,0.0
joy-shame,29,0.0,0.0,0.0,0.0,98.0,0.0,0.0
joy-shame,30,0.0,0.0,0.0,0.0,90.0,0.0,0.0
joy-shame,31,0.0,0.0,0.0,0.0,98.0,0.0,0.0
joy-shame,32,0.0,0.0,0.0,0.0,98.0,0.0,0.0
joy-shame,33,0.0,0.0,0.0,0.0,98.0,0.0,0.0
joy-shame,34,0.0,0.0,0.0,0.0,98.0,0.0,0.0
joy-shame,35,0.0,0.0,0.0,0.0,100.0,0.0,0.0
joy-shame,36,0.0,0.0,0.0,0.0,98.0,0.0,0.0
joy-shame,37,0.0,0.0,0.0,0.0,98.0,0.0,0.0
joy-shame,38,0.0,0.0,0.0,0.0,98.0,0.0,0.0
joy-shame,39,0.0,0.0,0.0,0.0,98.0,0.0,0.0
joy-shame,40,0.0,0.0,0.0,0.0,95.0,0.0,0.0
joy-shame,41,0.0,0.0,0.0,0.0,98.0,0.0,0.0
joy-shame,42,0.0,0.0,0.0,0.0,98.0,0.0,0.0
joy-shame,43,0.0,0.0,0.0,0.0,100.0,0.0,0.0
joy-shame,44,0.0,0.0,0.0,0.0,98.0,0.0,0.0
joy-shame,45,0.0,0.0,0.0,0.0,98.0,0.0,0.0
joy-shame,46,0.0,0.0,0.0,0.0,98.0,0.0,0.0
joy-shame,47,0.0,0.0,0.0,0.0,98.0,0.0,0.0
joy-shame,48,0.0,0.0,0.0,0.0,98.0,0.0,0.0
joy-shame,49,0.0,0.0,0.0,0.0,98.0,0.0,0.0
joy-shame,50,0.0,0.0,0.0,0.0,98.0,0.0,0.0
joy-shame,51,0.0,0.0,0.0,0.0,98.0,0.0,0.0
joy-shame,52,0.0,0.0,0.0,0.0,95.0,0.0,0.0
joy-shame,53,0.0,0.0,0.0,0.0,90.0,0.0,0.0
joy-shame,54,0.0,0.0,0.0,0.0,98.0,0.0,0.0
joy-shame,55,0.0,0.0,0.0,0.0,90.0,0.0,0.0
sadness-anger,0,0.0,0.0,60.0,20.0,0.0,20.0,20.0
sadness-anger,1,20.0,0.0,40.0,80.0,0.0,80.0,80.0
sadness-anger,2,0.0,0.0,40.0,80.0,0.0,87.0,80.0
sadness-anger,3,20.0,0.0,40.0,20.0,0.0,80.0,20.0
sadness-anger,4,10.0,20.0,80.0,80.0,0.0,80.0,80.0
sadness-anger,5,0.0,0.0,10.0,40.0,0.0,87.0,20.0
sadness-anger,6,10.0,0.0,20.0,80.0,0.0,70.0,40.0
sadness-anger,7,0.0,0.0,0.0,60.0,0.0,20.0,30.0
sadness-anger,8,0.0,20.0,40.0,0.0,0.0,80.0,0.0
sadness-anger,9,20.0,10.0,0.0,0.0,0.0,30.0,0.0
sadness-anger,10,0.0,0.0,80.0,20.0,0.0,90.0,0.0
sadness-anger,11,20.0,80.0,80.0,0.0,0.0,20.0,20.0
sadness-anger,12,20.0,20.0,60.0,20.0,0.0,70.0,20.0
sadness-anger,13,20.0,20.0,60.0,60.0,0.0,60.0,20.0
sadness-anger,14,20.0,20.0,60.0,20.0,0.0,60.0,20.0
sadness-anger,15,0.0,40.0,60.0,0.0,0.0,0.0,0.0
sadness-anger,16,0.0,0.0,80.0,80.0,0.0,80.0,20.0
sadness-anger,17,0.0,40.0,80.0,0.0,0.0,0.0,0.0
sadness-anger,18,0.0,0.0,80.0,0.0,0.0,40.0,0.0
sadness-anger,19,20.0,0.0,80.0,40.0,0.0,90.0,20.0
sadness-anger,20,0.0,0.0,20.0,90.0,0.0,60.0,80.0
sadness-anger,21,0.0,20.0,80.0,0.0,0.0,40.0,20.0
sadness-anger,22,20.0,0.0,80.0,0.0,0.0,10.0,0.0
sadness-anger,23,0.0,20.0,30.0,0.0,0.0,10.0,0.0
sadness-anger,24,0.0,0.0,0.0,60.0,0.0,30.0,40.0
sadness-anger,25,0.0,0.0,20.0,80.0,0.0,60.0,60.0
sadness-anger,26,10.0,0.0,40.0,80.0,0.0,60.0,80.0
sadness-anger,27,0.0,0.0,0.0,40.0,0.0,20.0,40.0
sadness-anger,28,0.0,0.0,10.0,80.0,0.0,40.0,80.0
sadness-anger,29,10.0,0.0,20.0,80.0,0.0,80.0,80.0
sadness-anger,30,0.0,0.0,0.0,80.0,0.0,40.0,40.0
sadness-anger,31,0.0,0.0,10.0,90.0,0.0,40.0,80.0
sadness-anger,32,0.0,0.0,40.0,0.0,30.0,40.0,0.0
sadness-anger,33,0.0,0.0,0.0,20.0,20.0,60.0,0.0
sadness-anger,34,0.0,0.0,10.0,80.0,20.0,40.0,40.0
sadness-anger,35,0.0,0.0,10.0,0.0,80.0,20.0,0.0
sadness-anger,36,0.0,0.0,10.0,0.0,90.0,0.0,0.0
sadness-anger,37,0.0,0.0,20.0,20.0,10.0,20.0,0.0
sadness-anger,39,0.0,0.0,10.0,0.0,80.0,0.0,0.0
sadness-anger,40,0.0,0.0,10.0,0.0,0.0,80.0,0.0
sadness-anger,41,20.0,0.0,80.0,40.0,0.0,90.0,20.0
sadness-anger,42,20.0,0.0,20.0,20.0,0.0,80.0,40.0
sadness-anger,43,20.0,0.0,60.0,80.0,0.0,90.0,40.0
sadness-anger,44,10.0,0.0,10.0,20.0,0.0,30.0,20.0
sadness-anger,45,0.0,0.0,10.0,0.0,0.0,80.0,0.0
sadness-anger,46,20.0,0.0,20.0,10.0,0.0,85.0,40.0
sadness-anger,47,10.0,0.0,40.0,40.0,0.0,40.0,40.0
sadness-anger,48,10.0,0.0,40.0,80.0,0.0,40.0,90.0
sadness-anger,49,0.0,0.0,10.0,90.0,0.0,80.0,80.0
sadness-anger,50,0.0,0.0,10.0,20.0,0.0,60.0,20.0
sadness-anger,51,10.0,40.0,20.0,80.0,0.0,40.0,80.0
sadness-anger,52,0.0,0.0,10.0,20.0,0.0,60.0,40.0
sadness-anger,54,20.0,20.0,80.0,80.0,0.0,80.0,90.0
sadness-anger,55,0.0,0.0,40.0,90.0,0.0,30.0,80.0
sadness-disgust,0,0.0,0.0,0.0,20.0,10.0,20.0,10.0
sadness-disgust,1,10.0,0.0,0.0,20.0,0.0,40.0,40.0
sadness-disgust,2,20.0,0.0,20.0,20.0,0.0,60.0,20.0
sadness-disgust,3,0.0,0.0,0.0,80.0,0.0,40.0,20.0
sadness-disgust,4,10.0,0.0,40.0,20.0,0.0,60.0,40.0
sadness-disgust,5,0.0,0.0,0.0,20.0,0.0,80.0,20.0
sadness-disgust,6,20.0,0.0,0.0,0.0,0.0,80.0,0.0
sadness-disgust,7,20.0,0.0,0.0,20.0,0.0,10.0,10.0
sadness-disgust,8,20.0,40.0,20.0,20.0,0.0,90.0,0.0
sadness-disgust,10,20.0,0.0,80.0,0.0,0.0,60.0,20.0
sadness-disgust,11,20.0,40.0,60.0,0.0,0.0,20.0,0.0
sadness-disgust,12,20.0,0.0,10.0,0.0,0.0,20.0,0.0
sadness-disgust,13,0.0,20.0,20.0,20.0,0.0,30.0,0.0
sadness-disgust,14,20.0,10.0,40.0,20.0,0.0,40.0,20.0
sadness-disgust,15,0.0,0.0,0.0,0.0,0.0,20.0,0.0
sadness-disgust,16,20.0,0.0,80.0,80.0,0.0,67.0,80.0
sadness-disgust,17,0.0,20.0,70.0,0.0,0.0,0.0,0.0
sadness-disgust,18,0.0,0.0,60.0,0.0,0.0,70.0,0.0
sadness-disgust,19,0.0,0.0,40.0,20.0,0.0,70.0,0.0
sadness-disgust,20,0.0,0.0,20.0,80.0,0.0,30.0,40.0
sadness-disgust,21,20.0,0.0,80.0,0.0,0.0,40.0,20.0
sadness-disgust,22,20.0,0.0,80.0,0.0,0.0,10.0,0.0
sadness-disgust,23,0.0,0.0,20.0,0.0,20.0,0.0,0.0
sadness-disgust,24,0.0,0.0,0.0,80.0,0.0,60.0,40.0
sadness-disgust,25,0.0,0.0,0.0,80.0,0.0,20.0,30.0
sadness-disgust,26,0.0,0.0,40.0,80.0,0.0,20.0,80.0
sadness-disgust,27,0.0,0.0,0.0,60.0,0.0,20.0,40.0
sadness-disgust,28,0.0,0.0,10.0,40.0,0.0,10.0,20.0
sadness-disgust,29,0.0,0.0,0.0,80.0,0.0,30.0,40.0
sadness-disgust,30,0.0,0.0,10.0,60.0,0.0,40.0,30.0
sadness-disgust,31,0.0,0.0,10.0,80.0,0.0,40.0,80.0
sadness-disgust,32,0.0,0.0,80.0,0.0,20.0,20.0,0.0
sadness-disgust,33,0.0,0.0,0.0,20.0,20.0,60.0,0.0
sadness-disgust,34,0.0,0.0,0.0,40.0,20.0,30.0,30.0
sadness-disgust,35,0.0,0.0,0.0,0.0,90.0,0.0,0.0
sadness-disgust,36,0.0,0.0,0.0,0.0,80.0,0.0,0.0
sadness-disgust,37,0.0,0.0,10.0,0.0,80.0,0.0,0.0
sadness-disgust,38,0.0,0.0,10.0,0.0,90.0,0.0,0.0
sadness-disgust,39,0.0,0.0,0.0,0.0,80.0,0.0,0.0
sadness-disgust,40,0.0,0.0,0.0,0.0,20.0,20.0,0.0
sadness-disgust,41,10.0,0.0,40.0,80.0,0.0,90.0,20.0
sadness-disgust,42,20.0,0.0,20.0,20.0,0.0,80.0,30.0
sadness-disgust,43,0.0,0.0,40.0,80.0,0.0,98.0,40.0
sadness-disgust,44,20.0,0.0,20.0,20.0,0.0,80.0,40.0
sadness-disgust,45,0.0,0.0,40.0,20.0,0.0,80.0,0.0
sadness-disgust,46,0.0,0.0,10.0,0.0,0.0,30.0,10.0
sadness-disgust,47,0.0,0.0,0.0,10.0,0.0,20.0,10.0
sadness-disgust,48,0.0,0.0,40.0,40.0,0.0,30.0,80.0
sadness-disgust,49,0.0,0.0,0.0,80.0,0.0,60.0,80.0
sadness-disgust,50,0.0,0.0,5.0,20.0,0.0,20.0,20.0
sadness-disgust,51,10.0,0.0,0.0,10.0,0.0,10.0,30.0
sadness-disgust,52,10.0,0.0,20.0,40.0,0.0,90.0,60.0
sadness-disgust,53,5.0,0.0,5.0,30.0,0.0,30.0,20.0
sadness-disgust,54,10.0,10.0,20.0,10.0,10.0,40.0,80.0
sadness-disgust,55,0.0,0.0,10.0,80.0,0.0,20.0,70.0
sadness-fear,0,20.0,0.0,0.0,20.0,0.0,30.0,30.0
sadness-fear,1,10.0,0.0,0.0,20.0,0.0,20.0,20.0
sadness-fear,2,40.0,0.0,20.0,30.0,0.0,70.0,40.0
sadness-fear,3,0.0,0.0,0.0,60.0,0.0,20.0,20.0
sadness-fear,4,0.0,0.0,5.0,10.0,20.0,10.0,20.0
sadness-fear,5,0.0,0.0,0.0,0.0,20.0,20.0,0.0
sadness-fear,6,60.0,0.0,0.0,0.0,0.0,60.0,0.0
sadness-fear,7,20.0,0.0,0.0,10.0,0.0,10.0,0.0
sadness-fear,8,80.0,80.0,0.0,0.0,0.0,90.0,0.0
sadness-fear,9,20.0,0.0,0.0,0.0,0.0,10.0,0.0
sadness-fear,10,0.0,0.0,10.0,0.0,0.0,70.0,0.0
sadness-fear,11,20.0,60.0,20.0,20.0,0.0,20.0,20.0
sadness-fear,12,20.0,0.0,0.0,5.0,0.0,20.0,0.0
sadness-fear,13,20.0,40.0,60.0,20.0,0.0,20.0,0.0
sadness-fear,14,10.0,0.0,0.0,10.0,20.0,20.0,20.0
sadness-fear,15,0.0,0.0,0.0,0.0,60.0,10.0,0.0
sadness-fear,16,20.0,20.0,60.0,80.0,0.0,30.0,40.0
sadness-fear,17,0.0,0.0,20.0,0.0,20.0,10.0,0.0
sadness-fear,18,0.0,0.0,60.0,20.0,0.0,90.0,10.0
sadness-fear,19,0.0,0.0,20.0,0.0,0.0,70.0,0.0
sadness-fear,20,0.0,0.0,10.0,80.0,0.0,30.0,60.0
sadness-fear,21,40.0,20.0,60.0,0.0,0.0,70.0,20.0
sadness-fear,22,40.0,20.0,20.0,0.0,0.0,10.0,0.0
sadness-fear,23,0.0,0.0,0.0,0.0,80.0,0.0,0.0
sadness-fear,24,0.0,0.0,0.0,30.0,0.0,20.0,20.0
sadness-fear,25,0.0,0.0,10.0,80.0,20.0,40.0,60.0
sadness-fear,26,0.0,0.0,0.0,60.0,0.0,40.0,60.0
sadness-fear,27,20.0,0.0,0.0,60.0,0.0,30.0,40.0
sadness-fear,28,0.0,0.0,0.0,20.0,70.0,0.0,20.0
sadness-fear,29,20.0,0.0,20.0,80.0,0.0,60.0,60.0
sadness-fear,30,0.0,0.0,0.0,60.0,0.0,40.0,40.0
sadness-fear,31,40.0,0.0,0.0,60.0,0.0,20.0,40.0
sadness-fear,32,0.0,0.0,0.0,0.0,90.0,0.0,0.0
sadness-fear,33,0.0,0.0,0.0,20.0,20.0,60.0,0.0
sadness-fear,34,0.0,0.0,0.0,20.0,60.0,20.0,20.0
sadness-fear,35,0.0,0.0,0.0,0.0,98.0,0.0,0.0
sadness-fear,36,0.0,0.0,0.0,0.0,95.0,0.0,0.0
sadness-fear,37,0.0,0.0,0.0,0.0,90.0,0.0,0.0
sadness-fear,38,0.0,0.0,20.0,0.0,60.0,0.0,0.0
sadness-fear,39,0.0,0.0,0.0,0.0,90.0,0.0,0.0
sadness-fear,40,0.0,0.0,0.0,0.0,20.0,60.0,0.0
sadness-fear,41,20.0,0.0,20.0,20.0,0.0,90.0,20.0
sadness-fear,42,10.0,0.0,10.0,10.0,10.0,40.0,10.0
sadness-fear,43,20.0,0.0,60.0,40.0,0.0,90.0,20.0
sadness-fear,44,10.0,0.0,0.0,0.0,0.0,40.0,10.0
sadness-fear,45,40.0,0.0,0.0,20.0,0.0,60.0,0.0
sadness-fear,46,10.0,0.0,0.0,0.0,0.0,40.0,10.0
sadness-fear,47,20.0,0.0,0.0,10.0,0.0,40.0,10.0
sadness-fear,48,10.0,0.0,0.0,20.0,0.0,20.0,60.0
sadness-fear,49,0.0,0.0,0.0,80.0,0.0,60.0,80.0
sadness-fear,50,0.0,0.0,10.0,20.0,5.0,10.0,20.0
sadness-fear,51,10.0,20.0,0.0,20.0,0.0,30.0,30.0
sadness-fear,52,0.0,0.0,10.0,30.0,20.0,40.0,30.0
sadness-fear,53,40.0,10.0,10.0,20.0,0.0,40.0,40.0
sadness-fear,54,10.0,0.0,10.0,10.0,0.0,20.0,80.0
sadness-fear,55,0.0,0.0,10.0,60.0,0.0,20.0,40.0
sadness-guilt,0,5.0,0.0,20.0,10.0,0.0,20.0,20.0
sadness-guilt,1,10.0,0.0,20.0,80.0,0.0,30.0,60.0
sadness-guilt,2,60.0,10.0,20.0,20.0,0.0,87.0,40.0
sadness-guilt,3,20.0,0.0,20.0,20.0,0.0,60.0,20.0
sadness-guilt,4,0.0,0.0,20.0,20.0,0.0,20.0,40.0
sadness-guilt,5,5.0,0.0,0.0,0.0,10.0,20.0,0.0
sadness-guilt,6,20.0,0.0,5.0,0.0,0.0,40.0,0.0
sadness-guilt,7,20.0,0.0,0.0,20.0,0.0,20.0,20.0
sadness-guilt,8,40.0,40.0,80.0,0.0,0.0,90.0,0.0
sadness-guilt,9,20.0,0.0,0.0,0.0,0.0,20.0,0.0
sadness-guilt,10,0.0,0.0,20.0,0.0,0.0,90.0,0.0
sadness-guilt,11,20.0,80.0,80.0,0.0,0.0,20.0,10.0
sadness-guilt,12,40.0,20.0,10.0,0.0,0.0,10.0,0.0
sadness-guilt,13,20.0,40.0,80.0,20.0,0.0,60.0,20.0
sadness-guilt,14,20.0,10.0,40.0,20.0,0.0,40.0,40.0
sadness-guilt,15,10.0,20.0,40.0,0.0,0.0,0.0,0.0
sadness-guilt,16,20.0,20.0,90.0,20.0,0.0,40.0,0.0
sadness-guilt,17,0.0,40.0,80.0,0.0,0.0,0.0,0.0
sadness-guilt,18,0.0,0.0,90.0,20.0,0.0,87.0,20.0
sadness-guilt,19,0.0,0.0,60.0,20.0,0.0,80.0,0.0
sadness-guilt,20,0.0,0.0,60.0,80.0,0.0,20.0,80.0
sadness-guilt,21,20.0,0.0,90.0,0.0,0.0,20.0,0.0
sadness-guilt,22,10.0,0.0,60.0,0.0,0.0,10.0,0.0
sadness-guilt,23,0.0,0.0,60.0,0.0,0.0,0.0,0.0
sadness-guilt,24,0.0,0.0,0.0,40.0,0.0,20.0,30.0
sadness-guilt,25,0.0,10.0,0.0,40.0,0.0,20.0,30.0
sadness-guilt,26,10.0,0.0,40.0,80.0,0.0,20.0,60.0
sadness-guilt,27,0.0,0.0,10.0,40.0,0.0,20.0,20.0
sadness-guilt,28,0.0,0.0,0.0,40.0,60.0,0.0,30.0
sadness-guilt,29,0.0,0.0,10.0,20.0,0.0,20.0,20.0
sadness-guilt,30,0.0,0.0,5.0,20.0,0.0,20.0,10.0
sadness-guilt,31,20.0,0.0,0.0,40.0,0.0,10.0,30.0
sadness-guilt,32,0.0,0.0,10.0,0.0,80.0,0.0,0.0
sadness-guilt,33,0.0,0.0,0.0,0.0,60.0,20.0,0.0
sadness-guilt,34,0.0,0.0,20.0,0.0,40.0,20.0,10.0
sadness-guilt,35,0.0,0.0,0.0,0.0,90.0,0.0,0.0
sadness-guilt,36,0.0,0.0,0.0,0.0,90.0,0.0,0.0
sadness-guilt,37,0.0,0.0,5.0,0.0,90.0,0.0,0.0
sadness-guilt,38,0.0,0.0,20.0,0.0,80.0,0.0,0.0
sadness-guilt,39,0.0,0.0,20.0,0.0,80.0,0.0,0.0
sadness-guilt,40,0.0,0.0,0.0,20.0,20.0,60.0,0.0
sadness-guilt,41,20.0,20.0,87.0,80.0,0.0,98.0,20.0
sadness-guilt,42,10.0,0.0,10.0,10.0,0.0,80.0,20.0
sadness-guilt,43,0.0,0.0,20.0,20.0,0.0,90.0,0.0
sadness-guilt,44,10.0,0.0,10.0,10.0,0.0,30.0,20.0
sadness-guilt,45,20.0,0.0,80.0,40.0,0.0,90.0,20.0
sadness-guilt,46,10.0,0.0,10.0,0.0,0.0,70.0,20.0
sadness-guilt,47,10.0,10.0,10.0,20.0,0.0,30.0,20.0
sadness-guilt,48,10.0,0.0,40.0,80.0,0.0,60.0,90.0
sadness-guilt,49,20.0,20.0,95.0,90.0,0.0,95.0,90.0
sadness-guilt,50,0.0,0.0,0.0,0.0,0.0,10.0,0.0
sadness-guilt,51,10.0,20.0,10.0,10.0,0.0,10.0,20.0
sadness-guilt,52,10.0,0.0,0.0,10.0,0.0,30.0,10.0
sadness-guilt,53,20.0,0.0,10.0,20.0,0.0,40.0,30.0
sadness-guilt,54,20.0,0.0,40.0,20.0,0.0,40.0,40.0
sadness-guilt,55,0.0,0.0,20.0,80.0,0.0,20.0,80.0
sadness-joy,0,0.0,0.0,10.0,0.0,0.0,20.0,0.0
sadness-joy,1,40.0,20.0,40.0,80.0,0.0,87.0,80.0
sadness-joy,2,80.0,20.0,40.0,20.0,0.0,87.0,80.0
sadness-joy,3,20.0,0.0,20.0,60.0,0.0,80.0,80.0
sadness-joy,4,80.0,20.0,87.0,80.0,0.0,90.0,90.0
sadness-joy,5,20.0,20.0,80.0,80.0,0.0,90.0,80.0
sadness-joy,6,80.0,20.0,87.0,90.0,0.0,90.0,90.0
sadness-joy,7,70.0,40.0,20.0,0.0,0.0,20.0,20.0
sadness-joy,9,40.0,40.0,80.0,80.0,0.0,87.0,80.0
sadness-joy,10,40.0,80.0,90.0,90.0,0.0,98.0,90.0
sadness-joy,11,40.0,40.0,87.0,0.0,0.0,40.0,20.0
sadness-joy,12,20.0,20.0,80.0,40.0,0.0,87.0,40.0
sadness-joy,13,80.0,80.0,90.0,0.0,0.0,90.0,0.0
sadness-joy,14,20.0,40.0,80.0,20.0,0.0,80.0,20.0
sadness-joy,15,0.0,60.0,40.0,0.0,0.0,10.0,0.0
sadness-joy,16,0.0,30.0,80.0,80.0,0.0,80.0,20.0
sadness-joy,17,0.0,20.0,90.0,0.0,0.0,0.0,0.0
sadness-joy,18,20.0,20.0,80.0,0.0,0.0,87.0,20.0
sadness-joy,19,80.0,20.0,87.0,90.0,0.0,98.0,90.0
sadness-joy,20,80.0,20.0,80.0,90.0,0.0,80.0,90.0
sadness-joy,21,80.0,80.0,95.0,80.0,0.0,80.0,80.0
sadness-joy,22,40.0,20.0,98.0,0.0,0.0,40.0,0.0
sadness-joy,23,40.0,40.0,90.0,20.0,0.0,80.0,80.0
sadness-joy,24,20.0,0.0,20.0,90.0,0.0,90.0,90.0
sadness-joy,25,40.0,40.0,40.0,80.0,0.0,80.0,80.0
sadness-joy,26,40.0,0.0,80.0,87.0,0.0,87.0,87.0
sadness-joy,27,20.0,0.0,20.0,80.0,0.0,78.0,80.0
sadness-joy,28,80.0,40.0,20.0,80.0,0.0,90.0,80.0
sadness-joy,29,40.0,20.0,80.0,80.0,0.0,80.0,80.0
sadness-joy,30,20.0,10.0,80.0,80.0,0.0,87.0,80.0
sadness-joy,31,40.0,0.0,80.0,80.0,0.0,78.0,80.0
sadness-joy,32,80.0,80.0,87.0,90.0,0.0,98.0,90.0
sadness-joy,33,20.0,20.0,80.0,80.0,0.0,80.0,80.0
sadness-joy,34,40.0,10.0,80.0,40.0,0.0,80.0,40.0
sadness-joy,35,20.0,20.0,80.0,20.0,0.0,80.0,40.0
sadness-joy,36,40.0,20.0,80.0,80.0,0.0,90.0,90.0
sadness-joy,37,40.0,20.0,80.0,80.0,0.0,90.0,90.0
sadness-joy,38,20.0,0.0,60.0,20.0,0.0,40.0,20.0
sadness-joy,39,40.0,20.0,80.0,80.0,0.0,87.0,87.0
sadness-joy,40,20.0,0.0,80.0,80.0,0.0,98.0,80.0
sadness-joy,41,20.0,20.0,80.0,90.0,0.0,90.0,80.0
sadness-joy,42,40.0,10.0,80.0,80.0,0.0,90.0,80.0
sadness-joy,43,20.0,0.0,40.0,80.0,0.0,98.0,80.0
sadness-joy,44,40.0,20.0,20.0,80.0,0.0,87.0,80.0
sadness-joy,45,20.0,20.0,78.0,80.0,0.0,87.0,80.0
sadness-joy,46,40.0,20.0,80.0,40.0,0.0,90.0,40.0
sadness-joy,47,80.0,20.0,80.0,90.0,0.0,90.0,90.0
sadness-joy,48,0.0,0.0,80.0,0.0,0.0,20.0,0.0
sadness-joy,49,40.0,20.0,87.0,80.0,0.0,80.0,80.0
sadness-joy,50,20.0,0.0,80.0,80.0,0.0,87.0,80.0
sadness-joy,51,0.0,80.0,87.0,80.0,0.0,80.0,90.0
sadness-joy,52,40.0,20.0,80.0,80.0,0.0,87.0,80.0
sadness-joy,53,20.0,0.0,40.0,20.0,0.0,70.0,80.0
sadness-joy,54,40.0,40.0,40.0,80.0,0.0,87.0,80.0
sadness-joy,55,20.0,0.0,87.0,90.0,0.0,80.0,90.0
sadness-shame,0,10.0,0.0,0.0,0.0,20.0,10.0,0.0
sadness-shame,1,10.0,0.0,0.0,20.0,0.0,20.0,20.0
sadness-shame,2,20.0,0.0,10.0,20.0,0.0,87.0,20.0
sadness-shame,3,0.0,0.0,0.0,40.0,0.0,40.0,20.0
sadness-shame,4,0.0,0.0,0.0,0.0,20.0,0.0,0.0
sadness-shame,5,0.0,0.0,10.0,20.0,0.0,40.0,10.0
sadness-shame,6,20.0,0.0,0.0,0.0,0.0,60.0,0.0
sadness-shame,7,40.0,10.0,0.0,0.0,0.0,10.0,0.0
sadness-shame,8,20.0,20.0,40.0,20.0,0.0,80.0,0.0
sadness-shame,9,20.0,0.0,0.0,5.0,0.0,20.0,0.0
sadness-shame,10,20.0,20.0,40.0,0.0,5.0,70.0,0.0
sadness-shame,11,20.0,60.0,30.0,0.0,0.0,10.0,0.0
sadness-shame,12,20.0,0.0,0.0,0.0,0.0,20.0,0.0
sadness-shame,13,80.0,40.0,20.0,20.0,0.0,60.0,0.0
sadness-shame,14,10.0,0.0,0.0,0.0,0.0,20.0,0.0
sadness-shame,15,0.0,20.0,20.0,0.0,0.0,0.0,0.0
sadness-shame,16,20.0,10.0,80.0,40.0,0.0,80.0,20.0
sadness-shame,17,0.0,0.0,40.0,0.0,20.0,0.0,0.0
sadness-shame,18,0.0,0.0,60.0,0.0,0.0,70.0,0.0
sadness-shame,19,0.0,0.0,40.0,0.0,0.0,80.0,0.0
sadness-shame,20,20.0,0.0,20.0,80.0,0.0,20.0,40.0
sadness-shame,21,20.0,0.0,80.0,0.0,0.0,40.0,0.0
sadness-shame,22,20.0,0.0,80.0,0.0,0.0,10.0,0.0
sadness-shame,23,0.0,0.0,20.0,0.0,30.0,0.0,0.0
sadness-shame,24,0.0,0.0,0.0,60.0,0.0,60.0,20.0
sadness-shame,25,10.0,5.0,10.0,30.0,0.0,30.0,30.0
sadness-shame,26,10.0,0.0,0.0,40.0,0.0,20.0,40.0
sadness-shame,27,0.0,0.0,10.0,30.0,0.0,20.0,20.0
sadness-shame,28,0.0,0.0,0.0,0.0,20.0,20.0,0.0
sadness-shame,29,30.0,20.0,20.0,0.0,0.0,60.0,0.0
sadness-shame,30,0.0,0.0,0.0,20.0,0.0,30.0,10.0
sadness-shame,31,20.0,0.0,0.0,60.0,0.0,40.0,60.0
sadness-shame,32,0.0,0.0,20.0,0.0,80.0,20.0,0.0
sadness-shame,33,0.0,0.0,0.0,20.0,30.0,40.0,0.0
sadness-shame,34,0.0,0.0,10.0,20.0,20.0,30.0,20.0
sadness-shame,35,0.0,0.0,0.0,0.0,98.0,0.0,0.0
sadness-shame,36,0.0,0.0,0.0,0.0,98.0,0.0,0.0
sadness-shame,37,0.0,0.0,0.0,0.0,90.0,0.0,0.0
sadness-shame,38,0.0,0.0,10.0,0.0,80.0,0.0,0.0
sadness-shame,39,0.0,0.0,0.0,0.0,85.0,0.0,0.0
sadness-shame,40,0.0,0.0,0.0,0.0,20.0,60.0,0.0
sadness-shame,41,20.0,20.0,80.0,40.0,0.0,98.0,80.0
sadness-shame,42,10.0,0.0,10.0,0.0,20.0,40.0,10.0
sadness-shame,43,0.0,0.0,70.0,20.0,5.0,80.0,0.0
sadness-shame,44,10.0,0.0,0.0,10.0,0.0,30.0,10.0
sadness-shame,45,20.0,0.0,20.0,20.0,0.0,80.0,20.0
sadness-shame,46,20.0,0.0,20.0,0.0,20.0,40.0,20.0
sadness-shame,47,0.0,0.0,0.0,20.0,10.0,30.0,20.0
sadness-shame,48,0.0,0.0,10.0,40.0,0.0,40.0,40.0
sadness-shame,49,0.0,0.0,0.0,70.0,0.0,40.0,60.0
sadness-shame,50,0.0,0.0,10.0,0.0,0.0,40.0,10.0
sadness-shame,51,10.0,20.0,0.0,0.0,0.0,10.0,10.0
sadness-shame,52,0.0,0.0,0.0,0.0,0.0,80.0,20.0
sadness-shame,53,20.0,0.0,10.0,20.0,0.0,20.0,20.0
sadness-shame,54,10.0,0.0,20.0,0.0,20.0,30.0,20.0
sadness-shame,55,0.0,0.0,0.0,80.0,20.0,20.0,40.0
shame-anger,0,10.0,0.0,40.0,80.0,0.0,20.0,80.0
shame-anger,1,20.0,0.0,20.0,60.0,0.0,40.0,80.0
shame-anger,2,20.0,20.0,85.0,90.0,0.0,90.0,90.0
shame-anger,3,0.0,0.0,10.0,40.0,0.0,40.0,80.0
shame-anger,4,0.0,0.0,80.0,80.0,0.0,80.0,95.0
shame-anger,5,0.0,0.0,60.0,20.0,20.0,20.0,20.0
shame-anger,6,10.0,20.0,20.0,80.0,0.0,40.0,90.0
shame-anger,7,0.0,0.0,20.0,80.0,0.0,80.0,90.0
shame-anger,8,20.0,60.0,90.0,80.0,0.0,90.0,80.0
shame-anger,9,0.0,0.0,0.0,20.0,0.0,20.0,80.0
shame-anger,10,20.0,20.0,95.0,20.0,0.0,80.0,80.0
shame-anger,11,0.0,20.0,10.0,20.0,0.0,10.0,80.0
shame-anger,12,10.0,40.0,40.0,80.0,0.0,40.0,90.0
shame-anger,13,20.0,80.0,90.0,60.0,0.0,80.0,40.0
shame-anger,14,0.0,0.0,0.0,20.0,0.0,20.0,90.0
shame-anger,15,0.0,40.0,40.0,0.0,0.0,10.0,10.0
shame-anger,16,40.0,20.0,85.0,80.0,0.0,80.0,80.0
shame-anger,17,0.0,40.0,90.0,20.0,0.0,10.0,10.0
shame-anger,18,0.0,0.0,20.0,20.0,0.0,40.0,40.0
shame-anger,19,10.0,0.0,80.0,20.0,0.0,80.0,20.0
shame-anger,20,20.0,40.0,87.0,95.0,0.0,80.0,90.0
shame-anger,21,20.0,20.0,90.0,20.0,0.0,40.0,60.0
shame-anger,22,20.0,0.0,90.0,0.0,0.0,20.0,10.0
shame-anger,23,0.0,0.0,40.0,0.0,80.0,0.0,0.0
shame-anger,24,0.0,0.0,10.0,90.0,0.0,80.0,80.0
shame-anger,25,0.0,0.0,10.0,90.0,0.0,80.0,90.0
shame-anger,26,0.0,0.0,80.0,80.0,0.0,20.0,90.0
shame-anger,27,0.0,0.0,10.0,80.0,0.0,80.0,80.0
shame-anger,28,0.0,0.0,20.0,90.0,0.0,80.0,90.0
shame-anger,29,0.0,20.0,20.0,98.0,0.0,80.0,95.0
shame-anger,30,0.0,0.0,20.0,80.0,0.0,80.0,80.0
shame-anger,31,20.0,0.0,80.0,90.0,0.0,60.0,80.0
shame-anger,32,0.0,0.0,80.0,20.0,0.0,80.0,0.0
shame-anger,33,0.0,0.0,20.0,80.0,0.0,60.0,70.0
shame-anger,34,0.0,0.0,60.0,80.0,0.0,40.0,80.0
shame-anger,35,0.0,0.0,0.0,0.0,80.0,0.0,0.0
shame-anger,36,0.0,0.0,20.0,0.0,80.0,0.0,0.0
shame-anger,37,0.0,0.0,20.0,0.0,80.0,0.0,10.0
shame-anger,38,10.0,0.0,80.0,90.0,0.0,80.0,90.0
shame-anger,39,0.0,0.0,40.0,10.0,60.0,0.0,20.0
shame-anger,40,0.0,0.0,5.0,20.0,0.0,80.0,10.0
shame-anger,41,20.0,0.0,80.0,80.0,0.0,90.0,20.0
shame-anger,42,80.0,10.0,80.0,90.0,0.0,98.0,96.0
shame-anger,43,20.0,0.0,80.0,80.0,0.0,90.0,80.0
shame-anger,44,20.0,20.0,40.0,80.0,0.0,90.0,90.0
shame-anger,46,20.0,10.0,90.0,90.0,0.0,95.0,90.0
shame-anger,47,20.0,0.0,80.0,90.0,0.0,90.0,90.0
shame-anger,48,10.0,0.0,90.0,90.0,0.0,90.0,98.0
shame-anger,49,0.0,20.0,90.0,90.0,0.0,90.0,98.0
shame-anger,50,0.0,0.0,40.0,80.0,0.0,40.0,80.0
shame-anger,51,0.0,20.0,10.0,80.0,0.0,20.0,98.0
shame-anger,52,10.0,0.0,20.0,80.0,0.0,80.0,90.0
shame-anger,53,10.0,0.0,40.0,80.0,0.0,80.0,90.0
shame-anger,54,10.0,0.0,20.0,80.0,0.0,80.0,98.0
shame-anger,55,10.0,0.0,90.0,80.0,0.0,40.0,80.0
shame-disgust,0,0.0,0.0,10.0,80.0,0.0,20.0,80.0
shame-disgust,1,20.0,0.0,10.0,80.0,0.0,20.0,60.0
shame-disgust,2,40.0,0.0,20.0,80.0,0.0,80.0,80.0
shame-disgust,3,0.0,0.0,0.0,60.0,0.0,30.0,60.0
shame-disgust,4,10.0,0.0,80.0,20.0,0.0,40.0,80.0
shame-disgust,5,0.0,0.0,10.0,20.0,0.0,20.0,20.0
shame-disgust,6,20.0,0.0,20.0,40.0,0.0,60.0,20.0
shame-disgust,7,20.0,0.0,0.0,20.0,0.0,10.0,0.0
shame-disgust,8,60.0,60.0,40.0,80.0,0.0,80.0,80.0
shame-disgust,9,10.0,0.0,0.0,20.0,0.0,10.0,80.0
shame-disgust,10,0.0,0.0,20.0,0.0,0.0,80.0,0.0
shame-disgust,11,0.0,40.0,10.0,20.0,0.0,40.0,80.0
shame-disgust,12,10.0,0.0,10.0,40.0,0.0,20.0,20.0
shame-disgust,13,10.0,20.0,20.0,20.0,0.0,20.0,20.0
shame-disgust,14,10.0,0.0,20.0,30.0,0.0,20.0,30.0
shame-disgust,15,0.0,40.0,80.0,0.0,0.0,0.0,0.0
shame-disgust,16,20.0,0.0,80.0,40.0,0.0,20.0,20.0
shame-disgust,17,0.0,40.0,80.0,0.0,0.0,10.0,0.0
shame-disgust,18,0.0,0.0,20.0,0.0,5.0,10.0,0.0
shame-disgust,19,10.0,0.0,60.0,0.0,0.0,80.0,10.0
shame-disgust,20,0.0,0.0,40.0,90.0,0.0,60.0,80.0
shame-disgust,21,80.0,20.0,90.0,80.0,0.0,80.0,80.0
shame-disgust,22,20.0,0.0,60.0,20.0,0.0,0.0,5.0
shame-disgust,23,0.0,0.0,10.0,0.0,60.0,0.0,10.0
shame-disgust,24,0.0,0.0,10.0,90.0,0.0,80.0,80.0
shame-disgust,25,0.0,0.0,10.0,90.0,0.0,80.0,90.0
shame-disgust,26,10.0,0.0,90.0,90.0,0.0,40.0,90.0
shame-disgust,27,0.0,0.0,10.0,80.0,0.0,70.0,80.0
shame-disgust,28,0.0,0.0,20.0,80.0,0.0,40.0,40.0
shame-disgust,29,0.0,0.0,20.0,90.0,0.0,80.0,80.0
shame-disgust,30,0.0,0.0,10.0,80.0,0.0,40.0,60.0
shame-disgust,31,20.0,0.0,40.0,90.0,0.0,40.0,90.0
shame-disgust,32,0.0,0.0,20.0,0.0,60.0,0.0,0.0
shame-disgust,33,0.0,0.0,5.0,20.0,20.0,30.0,20.0
shame-disgust,34,0.0,0.0,20.0,40.0,20.0,20.0,20.0
shame-disgust,35,0.0,0.0,0.0,0.0,90.0,0.0,0.0
shame-disgust,36,0.0,0.0,0.0,0.0,90.0,0.0,0.0
shame-disgust,38,0.0,0.0,40.0,10.0,20.0,0.0,20.0
shame-disgust,39,0.0,0.0,10.0,0.0,80.0,0.0,0.0
shame-disgust,40,0.0,0.0,0.0,0.0,20.0,20.0,0.0
shame-disgust,41,10.0,0.0,90.0,20.0,0.0,98.0,0.0
shame-disgust,42,20.0,0.0,20.0,20.0,0.0,80.0,80.0
shame-disgust,43,0.0,0.0,90.0,20.0,0.0,80.0,20.0
shame-disgust,44,10.0,0.0,10.0,40.0,0.0,60.0,60.0
shame-disgust,45,10.0,0.0,0.0,90.0,0.0,40.0,90.0
shame-disgust,46,10.0,0.0,20.0,30.0,5.0,80.0,30.0
shame-disgust,47,10.0,0.0,10.0,40.0,0.0,60.0,40.0
shame-disgust,48,10.0,0.0,80.0,80.0,5.0,40.0,90.0
shame-disgust,49,0.0,0.0,20.0,90.0,0.0,90.0,90.0
shame-disgust,50,0.0,0.0,10.0,20.0,0.0,20.0,20.0
shame-disgust,51,0.0,40.0,10.0,40.0,0.0,10.0,80.0
shame-disgust,52,20.0,20.0,80.0,80.0,0.0,80.0,90.0
shame-disgust,53,0.0,0.0,10.0,20.0,0.0,20.0,40.0
shame-disgust,54,20.0,0.0,10.0,20.0,0.0,40.0,90.0
shame-disgust,55,0.0,0.0,40.0,90.0,0.0,40.0,90.0
shame-fear,0,10.0,0.0,0.0,20.0,0.0,20.0,80.0
shame-fear,1,10.0,0.0,0.0,20.0,0.0,10.0,80.0
shame-fear,2,80.0,20.0,20.0,20.0,0.0,90.0,80.0
shame-fear,3,10.0,0.0,0.0,60.0,0.0,30.0,80.0
shame-fear,4,60.0,0.0,40.0,20.0,0.0,80.0,80.0
shame-fear,5,0.0,0.0,0.0,0.0,0.0,10.0,0.0
shame-fear,6,60.0,0.0,20.0,20.0,0.0,80.0,90.0
shame-fear,7,60.0,20.0,0.0,20.0,0.0,20.0,10.0
shame-fear,8,90.0,98.0,80.0,20.0,0.0,90.0,0.0
shame-fear,9,40.0,40.0,10.0,20.0,0.0,20.0,40.0
shame-fear,10,10.0,0.0,10.0,80.0,0.0,80.0,90.0
shame-fear,11,80.0,90.0,80.0,20.0,0.0,80.0,90.0
shame-fear,12,80.0,60.0,0.0,0.0,0.0,20.0,0.0
shame-fear,13,20.0,60.0,60.0,40.0,0.0,80.0,80.0
shame-fear,14,20.0,20.0,20.0,0.0,0.0,40.0,20.0
shame-fear,15,20.0,80.0,40.0,10.0,0.0,10.0,40.0
shame-fear,16,10.0,0.0,80.0,80.0,0.0,10.0,80.0
shame-fear,17,10.0,40.0,80.0,0.0,0.0,0.0,10.0
shame-fear,18,0.0,0.0,10.0,0.0,20.0,20.0,0.0
shame-fear,19,10.0,0.0,20.0,20.0,0.0,70.0,20.0
shame-fear,20,20.0,0.0,20.0,90.0,0.0,70.0,90.0
shame-fear,21,60.0,20.0,60.0,0.0,0.0,40.0,60.0
shame-fear,22,20.0,10.0,40.0,40.0,0.0,20.0,90.0
shame-fear,23,20.0,40.0,40.0,0.0,40.0,20.0,40.0
shame-fear,24,10.0,0.0,10.0,80.0,0.0,80.0,80.0
shame-fear,25,0.0,20.0,10.0,90.0,0.0,80.0,80.0
shame-fear,26,0.0,0.0,10.0,80.0,0.0,40.0,90.0
shame-fear,27,10.0,10.0,10.0,80.0,0.0,40.0,80.0
shame-fear,28,40.0,10.0,40.0,90.0,0.0,80.0,90.0
shame-fear,29,20.0,20.0,10.0,80.0,0.0,60.0,80.0
shame-fear,30,0.0,10.0,0.0,90.0,0.0,80.0,90.0
shame-fear,31,20.0,10.0,0.0,80.0,0.0,40.0,90.0
shame-fear,32,0.0,0.0,0.0,0.0,80.0,0.0,0.0
shame-fear,33,20.0,0.0,0.0,0.0,80.0,0.0,0.0
shame-fear,34,0.0,0.0,0.0,20.0,60.0,0.0,40.0
shame-fear,35,0.0,0.0,0.0,0.0,98.0,0.0,0.0
shame-fear,36,0.0,0.0,0.0,0.0,98.0,0.0,0.0
shame-fear,37,0.0,0.0,0.0,0.0,80.0,0.0,20.0
shame-fear,38,0.0,0.0,0.0,0.0,90.0,0.0,20.0
shame-fear,39,0.0,0.0,0.0,0.0,80.0,0.0,10.0
shame-fear,40,0.0,0.0,0.0,0.0,20.0,60.0,0.0
shame-fear,41,20.0,20.0,80.0,80.0,0.0,90.0,40.0
shame-fear,42,40.0,0.0,10.0,10.0,0.0,60.0,20.0
shame-fear,43,0.0,0.0,40.0,20.0,0.0,90.0,30.0
shame-fear,44,10.0,0.0,20.0,80.0,0.0,80.0,80.0
shame-fear,45,0.0,10.0,0.0,0.0,0.0,20.0,0.0
shame-fear,46,20.0,0.0,10.0,60.0,0.0,80.0,80.0
shame-fear,47,20.0,0.0,10.0,80.0,0.0,80.0,80.0
shame-fear,48,10.0,0.0,10.0,80.0,0.0,60.0,90.0
shame-fear,49,20.0,0.0,10.0,80.0,0.0,40.0,90.0
shame-fear,50,10.0,0.0,10.0,30.0,0.0,30.0,80.0
shame-fear,51,20.0,20.0,0.0,20.0,0.0,20.0,90.0
shame-fear,52,0.0,0.0,10.0,60.0,20.0,40.0,80.0
shame-fear,53,20.0,10.0,40.0,80.0,0.0,80.0,90.0
shame-fear,54,20.0,10.0,10.0,20.0,0.0,20.0,90.0
shame-fear,55,0.0,0.0,0.0,80.0,0.0,20.0,90.0
shame-guilt,0,20.0,0.0,40.0,80.0,0.0,0.0,80.0
shame-guilt,1,20.0,0.0,10.0,80.0,0.0,20.0,80.0
shame-guilt,2,80.0,20.0,80.0,80.0,0.0,90.0,90.0
shame-guilt,3,20.0,0.0,40.0,20.0,10.0,60.0,80.0
shame-guilt,4,20.0,20.0,90.0,20.0,0.0,80.0,98.0
shame-guilt,5,40.0,40.0,80.0,80.0,0.0,90.0,80.0
shame-guilt,6,10.0,0.0,10.0,20.0,10.0,40.0,40.0
shame-guilt,7,60.0,40.0,0.0,20.0,0.0,10.0,20.0
shame-guilt,8,80.0,98.0,80.0,0.0,0.0,80.0,0.0
shame-guilt,9,20.0,40.0,20.0,20.0,0.0,40.0,40.0
shame-guilt,10,20.0,20.0,90.0,80.0,0.0,80.0,80.0
shame-guilt,11,80.0,90.0,90.0,0.0,0.0,20.0,20.0
shame-guilt,12,80.0,80.0,40.0,0.0,0.0,0.0,0.0
shame-guilt,13,20.0,40.0,80.0,40.0,0.0,80.0,40.0
shame-guilt,14,10.0,0.0,90.0,80.0,0.0,80.0,90.0
shame-guilt,15,0.0,60.0,60.0,0.0,0.0,0.0,0.0
shame-guilt,16,20.0,20.0,80.0,80.0,0.0,40.0,90.0
shame-guilt,17,0.0,40.0,90.0,0.0,0.0,0.0,0.0
shame-guilt,18,0.0,0.0,80.0,20.0,0.0,10.0,40.0
shame-guilt,19,80.0,0.0,90.0,40.0,0.0,98.0,40.0
shame-guilt,20,20.0,0.0,80.0,90.0,0.0,40.0,90.0
shame-guilt,21,60.0,20.0,87.0,0.0,0.0,80.0,80.0
shame-guilt,22,60.0,0.0,80.0,0.0,0.0,40.0,0.0
shame-guilt,23,0.0,0.0,20.0,0.0,0.0,0.0,0.0
shame-guilt,25,10.0,20.0,0.0,90.0,0.0,40.0,98.0
shame-guilt,26,0.0,0.0,80.0,90.0,0.0,20.0,90.0
shame-guilt,27,0.0,0.0,0.0,80.0,0.0,40.0,40.0
shame-guilt,28,20.0,0.0,20.0,80.0,20.0,40.0,80.0
shame-guilt,29,10.0,0.0,80.0,90.0,0.0,40.0,98.0
shame-guilt,30,20.0,20.0,40.0,80.0,0.0,40.0,80.0
shame-guilt,31,40.0,0.0,80.0,90.0,0.0,40.0,90.0
shame-guilt,32,20.0,0.0,80.0,0.0,0.0,0.0,40.0
shame-guilt,33,0.0,0.0,10.0,0.0,80.0,0.0,0.0
shame-guilt,34,0.0,0.0,80.0,20.0,20.0,0.0,40.0
shame-guilt,35,0.0,0.0,0.0,0.0,98.0,0.0,0.0
shame-guilt,36,0.0,0.0,0.0,0.0,98.0,0.0,0.0
shame-guilt,37,0.0,0.0,0.0,0.0,98.0,0.0,0.0
shame-guilt,38,0.0,0.0,20.0,0.0,90.0,0.0,10.0
shame-guilt,39,0.0,0.0,10.0,0.0,80.0,0.0,20.0
shame-guilt,40,0.0,0.0,0.0,0.0,20.0,40.0,0.0
shame-guilt,41,20.0,20.0,90.0,20.0,0.0,98.0,20.0
shame-guilt,42,60.0,0.0,20.0,0.0,0.0,60.0,40.0
shame-guilt,43,10.0,0.0,80.0,40.0,0.0,90.0,20.0
shame-guilt,44,10.0,10.0,20.0,80.0,0.0,87.0,90.0
shame-guilt,45,20.0,0.0,90.0,0.0,0.0,80.0,0.0
shame-guilt,46,80.0,0.0,90.0,20.0,0.0,98.0,90.0
shame-guilt,47,20.0,0.0,80.0,80.0,0.0,80.0,90.0
shame-guilt,48,10.0,0.0,20.0,20.0,0.0,80.0,98.0
shame-guilt,49,10.0,20.0,80.0,90.0,0.0,80.0,90.0
shame-guilt,50,0.0,0.0,40.0,40.0,0.0,40.0,90.0
shame-guilt,51,0.0,40.0,0.0,80.0,0.0,40.0,98.0
shame-guilt,52,20.0,20.0,80.0,80.0,0.0,80.0,90.0
shame-guilt,53,20.0,10.0,40.0,80.0,0.0,70.0,90.0
shame-guilt,54,20.0,20.0,20.0,80.0,0.0,40.0,98.0
shame-guilt,55,10.0,20.0,80.0,98.0,0.0,80.0,98.0
shame-joy,0,40.0,20.0,80.0,80.0,0.0,90.0,87.0
shame-joy,1,20.0,80.0,90.0,90.0,0.0,80.0,90.0
shame-joy,2,85.0,60.0,87.0,90.0,0.0,90.0,90.0
shame-joy,3,80.0,40.0,87.0,80.0,0.0,90.0,90.0
shame-joy,4,20.0,40.0,98.0,98.0,0.0,98.0,98.0
shame-joy,5,90.0,87.0,87.0,40.0,0.0,87.0,80.0
shame-joy,6,40.0,20.0,40.0,40.0,0.0,87.0,20.0
shame-joy,7,0.0,0.0,40.0,20.0,0.0,40.0,20.0
shame-joy,8,80.0,87.0,80.0,90.0,0.0,90.0,90.0
shame-joy,9,80.0,87.0,87.0,80.0,0.0,90.0,90.0
shame-joy,10,20.0,20.0,80.0,90.0,0.0,90.0,90.0
shame-joy,11,80.0,87.0,90.0,80.0,0.0,90.0,90.0
shame-joy,12,80.0,40.0,90.0,80.0,0.0,90.0,90.0
shame-joy,13,80.0,80.0,90.0,20.0,0.0,80.0,20.0
shame-joy,14,20.0,20.0,80.0,20.0,0.0,90.0,40.0
shame-joy,15,0.0,87.0,80.0,0.0,0.0,20.0,20.0
shame-joy,16,80.0,40.0,80.0,80.0,0.0,80.0,80.0
shame-joy,17,0.0,40.0,80.0,0.0,0.0,0.0,0.0
shame-joy,18,0.0,20.0,80.0,0.0,0.0,80.0,20.0
shame-joy,19,0.0,0.0,80.0,20.0,0.0,87.0,0.0
shame-joy,20,20.0,30.0,80.0,98.0,0.0,87.0,98.0
shame-joy,21,80.0,87.0,98.0,98.0,0.0,90.0,98.0
shame-joy,22,80.0,40.0,80.0,80.0,0.0,40.0,80.0
shame-joy,23,20.0,40.0,90.0,0.0,0.0,20.0,0.0
shame-joy,24,80.0,40.0,80.0,80.0,0.0,87.0,80.0
shame-joy,25,80.0,0.0,80.0,90.0,0.0,80.0,90.0
shame-joy,26,20.0,40.0,80.0,90.0,0.0,80.0,90.0
shame-joy,27,0.0,40.0,80.0,80.0,0.0,40.0,40.0
shame-joy,28,80.0,80.0,80.0,90.0,0.0,90.0,90.0
shame-joy,29,20.0,20.0,80.0,80.0,0.0,80.0,80.0
shame-joy,30,20.0,20.0,40.0,80.0,0.0,87.0,80.0
shame-joy,31,90.0,40.0,90.0,90.0,0.0,90.0,90.0
shame-joy,32,80.0,87.0,80.0,90.0,0.0,90.0,90.0
shame-joy,33,87.0,80.0,87.0,80.0,0.0,87.0,90.0
shame-joy,34,20.0,20.0,80.0,90.0,0.0,90.0,90.0
shame-joy,35,10.0,40.0,40.0,40.0,20.0,87.0,80.0
shame-joy,36,40.0,20.0,80.0,90.0,0.0,90.0,90.0
shame-joy,37,40.0,20.0,90.0,80.0,0.0,80.0,80.0
shame-joy,38,20.0,40.0,80.0,80.0,20.0,20.0,40.0
shame-joy,39,20.0,0.0,80.0,20.0,20.0,20.0,40.0
shame-joy,40,90.0,87.0,87.0,80.0,0.0,90.0,90.0
shame-joy,41,20.0,87.0,20.0,80.0,0.0,98.0,80.0
shame-joy,42,80.0,20.0,80.0,80.0,0.0,90.0,90.0
shame-joy,43,20.0,20.0,80.0,90.0,0.0,98.0,80.0
shame-joy,44,40.0,40.0,87.0,90.0,0.0,87.0,90.0
shame-joy,45,87.0,80.0,80.0,90.0,0.0,90.0,90.0
shame-joy,46,80.0,20.0,87.0,90.0,0.0,90.0,90.0
shame-joy,47,80.0,40.0,40.0,90.0,0.0,87.0,90.0
shame-joy,48,0.0,0.0,90.0,20.0,0.0,20.0,20.0
shame-joy,49,20.0,20.0,90.0,80.0,0.0,80.0,90.0
shame-joy,50,80.0,20.0,80.0,90.0,0.0,90.0,90.0
shame-joy,51,20.0,67.0,10.0,80.0,0.0,40.0,90.0
shame-joy,52,80.0,40.0,87.0,90.0,0.0,90.0,90.0
shame-joy,53,40.0,20.0,40.0,90.0,0.0,90.0,90.0
shame-joy,54,80.0,87.0,80.0,90.0,0.0,90.0,98.0
shame-joy,55,20.0,20.0,80.0,80.0,0.0,80.0,80.0
shame-sadness,0,10.0,0.0,40.0,20.0,0.0,10.0,90.0
shame-sadness,1,20.0,0.0,60.0,40.0,0.0,10.0,80.0
shame-sadness,2,20.0,0.0,20.0,80.0,0.0,80.0,80.0
shame-sadness,3,40.0,10.0,10.0,60.0,0.0,20.0,80.0
shame-sadness,4,0.0,0.0,0.0,80.0,0.0,10.0,90.0
shame-sadness,5,20.0,20.0,20.0,20.0,80.0,0.0,20.0
shame-sadness,6,0.0,0.0,0.0,20.0,5.0,20.0,80.0
shame-sadness,7,20.0,10.0,10.0,80.0,0.0,20.0,80.0
shame-sadness,8,90.0,98.0,90.0,60.0,0.0,98.0,20.0
shame-sadness,9,60.0,40.0,0.0,0.0,0.0,10.0,0.0
shame-sadness,10,80.0,40.0,90.0,20.0,0.0,80.0,80.0
shame-sadness,11,20.0,20.0,0.0,80.0,0.0,20.0,98.0
shame-sadness,12,80.0,40.0,10.0,0.0,0.0,20.0,0.0
shame-sadness,13,20.0,40.0,20.0,20.0,0.0,60.0,0.0
shame-sadness,14,40.0,10.0,80.0,40.0,0.0,20.0,90.0
shame-sadness,15,40.0,90.0,80.0,0.0,0.0,0.0,20.0
shame-sadness,16,20.0,10.0,10.0,20.0,0.0,0.0,90.0
shame-sadness,17,20.0,40.0,90.0,0.0,0.0,0.0,0.0
shame-sadness,18,0.0,0.0,80.0,0.0,0.0,20.0,0.0
shame-sadness,19,10.0,0.0,80.0,20.0,0.0,40.0,60.0
shame-sadness,20,10.0,0.0,40.0,90.0,0.0,40.0,95.0
shame-sadness,21,20.0,10.0,20.0,10.0,0.0,40.0,90.0
shame-sadness,22,40.0,10.0,80.0,80.0,0.0,20.0,90.0
shame-sadness,23,10.0,40.0,40.0,0.0,20.0,10.0,40.0
shame-sadness,24,0.0,0.0,10.0,80.0,0.0,40.0,80.0
shame-sadness,25,0.0,0.0,10.0,20.0,0.0,0.0,80.0
shame-sadness,26,0.0,0.0,20.0,90.0,0.0,10.0,90.0
shame-sadness,27,0.0,0.0,0.0,80.0,0.0,20.0,80.0
shame-sadness,28,20.0,10.0,0.0,80.0,20.0,20.0,80.0
shame-sadness,29,10.0,10.0,10.0,80.0,0.0,20.0,90.0
shame-sadness,30,0.0,0.0,10.0,90.0,0.0,80.0,90.0
shame-sadness,31,20.0,0.0,40.0,90.0,10.0,40.0,90.0
shame-sadness,32,0.0,20.0,10.0,0.0,60.0,10.0,0.0
shame-sadness,33,10.0,0.0,10.0,60.0,20.0,10.0,80.0
shame-sadness,34,0.0,0.0,40.0,20.0,80.0,20.0,40.0
shame-sadness,35,0.0,0.0,0.0,0.0,98.0,0.0,0.0
shame-sadness,36,0.0,0.0,0.0,0.0,98.0,0.0,0.0
shame-sadness,37,0.0,0.0,10.0,0.0,90.0,0.0,0.0
shame-sadness,38,0.0,0.0,40.0,0.0,90.0,0.0,20.0
shame-sadness,39,0.0,0.0,20.0,20.0,80.0,0.0,20.0
shame-sadness,40,0.0,0.0,10.0,20.0,20.0,20.0,60.0
shame-sadness,41,20.0,20.0,60.0,20.0,0.0,90.0,40.0
shame-sadness,42,40.0,0.0,10.0,80.0,0.0,80.0,80.0
shame-sadness,43,0.0,10.0,80.0,40.0,0.0,80.0,40.0
shame-sadness,44,20.0,10.0,40.0,60.0,0.0,80.0,90.0
shame-sadness,45,40.0,20.0,0.0,0.0,0.0,40.0,0.0
shame-sadness,46,60.0,10.0,20.0,80.0,0.0,80.0,90.0
shame-sadness,47,20.0,0.0,20.0,80.0,0.0,80.0,90.0
shame-sadness,48,0.0,0.0,40.0,80.0,0.0,40.0,90.0
shame-sadness,49,0.0,0.0,10.0,80.0,0.0,10.0,90.0
shame-sadness,50,0.0,0.0,20.0,20.0,0.0,20.0,60.0
shame-sadness,51,0.0,20.0,0.0,20.0,0.0,10.0,90.0
shame-sadness,52,20.0,0.0,20.0,90.0,0.0,80.0,90.0
shame-sadness,53,10.0,0.0,80.0,20.0,0.0,20.0,80.0
shame-sadness,54,60.0,10.0,80.0,10.0,0.0,40.0,90.0
shame-sadness,55,10.0,10.0,10.0,80.0,0.0,10.0,90.0
